10473203197495669973
1960374626335354826
15101432337668161710
9461431599103936002
18243525190741404481
17947315841279742687
11773907655811689489
16496022652345645746
15499187966098938456
686195504959028568
8842562309157682538
8547386387581761318
13755739310902370174
11631213064132871598
16838674264013963176
14954105464388074557
6354763749392790726
13432097797210133874
14277748549501702124
7854573551266473249
14893490088487402373
8349201242628295006
12486576370612903043
3461717421658064542
5598921974987899525
10188307355460920043
9104674448094734190
15803319346842022785
9696080699389504285
17356087734204794981
15808912606901132472
10866207057544841531
3329909697923408483
2745178681425662991
12329716929338147424
8063105472503553430
9209273375649467230
15851303625276105195
11149549238335114778
15288694083448757218
13068808530820419186
7155469222140730659
10880612462308387629
1920468856783652224
10560239519220037694
3818273234434461892
5991345717475586903
18058899572121113345
15811782717617260731
7424387727139427288
14411999474542490115
1015614081696948593
15662035090628583881
4317128580434753898
12692794924797275929
6394368371558481020
15699044397653886517
10563001763308034065
797745999176913748
13577803597591031375
12445813150297015800
8293750854052444680
11131929449714363494
9320423114073217278
2946341937535846294
9701765156023394232
7396232025733077769
15392064619291477053
11939859412022633345
11189735567944243913
4158734831234004719
5082125924943051497
9223875651291833337
2540014677351644797
2540392157645042068
5287027458901555398
11199592480309061139
13089640021402339869
17850600825381290765
13165735009086468155
15825564261876435565
10085636120493825987
14633516230607365735
5356884702652387750
12227962586824638156
208511491064607901
8962093635210605710
2574596570119096586
8256326349724089038
2225936380835788556
2846383029430839145
5192676525254612079
2849072265423498740
234626772259055800
12823053938494655903
2295442353617069677
13742067049329256616
9058435349192186290
4731036407164023675
17659883923361915778
12663220720640594218
8764952755902174306
13895741153649072753
8856889476594525180
8604844330732020200
10001084790804963250
6919330921008231983
4827444405418061859
1761553972718916266
7323691771734562653
1297627072515328610
4993320704701797430
10896783382696679060
7293061254263431653
1078886746612278062
6882487195536639135
9058526770606004056
619154862845600485
5735874922170451149
15063660127466919790
6294479500448244460
8059772826993149155
1463628562857591042
13729671195179390651
3895355291522539158
16333644202902008521
7025543798642845640
12677690281110354469
3478160637667837842
5364261765381986921
8998557505578263088
1167887275375264247
15927284956737212990
13182410641335278155
8134289997596394608
12717916563588623839
15726194853005925033
15465171770238852109
10167383555849625324
5041605509489197140
5389837301049742636
9468139149289120573
16630828878157499538
16580009330563258848
5832922096570180103
3820587861077978754
15097642330661138877
10349506452052363944
10854822442385012013
10018939566723023428
7761234687280917963
11529539213182466397
14553036833681338079
14360398010461340372
1326809055135473124
6804772920034621357
1916640005256552791
5761638341755379251
16793481641536333929
8175657051629080845
13719314202661462415
3329529503001610045
6290066671975690346
7286891338818127700
8068234940453440258
10402310946645634016
9860879790630542000
3005627674219788337
16889759525475052659
5309626539143032726
16898831732251561743
10592134909477464854
8064021297728830713
5740130806007340532
12838981425159239252
15644109362715374953
4954021436165898976
4387776570938165888
6185867114016286602
1869914440310027584
3673613047014958239
14809550848887809926
1141294444204603442
15142507364227148547
463946280546269869
7297290801317852082
6915536768138533082
7608183665969286260
1276082356787877637
10084153660891469461
9931877571817048493
11926959731837347476
12190436034673536501
7466920388464578858
1377522475946480276
3763811421328785118
11972390911384092746
5281679806773166233
5259271706724472122
2610228936923229687
16573884436479573994
2461623817653792533
13299704207945477725
7640430941187319261
14517157909643266230
749535182807333594
13147904396823075315
6814012538408530458
13103523834812408559
13300169311330084272
15657144048263932446
4467323766107903770
10626518123939525729
978668356844222518
8889428004736705351
11980359913387528755
5768000907334765646
9879425775163069320
4424766926363078021
2166281672188049479
6715379164566811240
15329242770951646077
9314949916930967575
10123402174124927528
3527826284314615609
4004566658019997631
17209240518916681700
13630517078771651593
13939223722276838385
2335625017499271586
17352300627557419229
16281745313562033768
1044693037090801912
11708757965114102093
3949001145986506132
885458788375418057
10909164494867099018
17497604602838431318
3619221465969799082
13182648799584057718
16335783651545386085
16939077618438806631
11273814198253826135
4362140762593920355
17877771486179686563
10086522713114785237
17360771312792625944
6658342261275590347
16596198820328019495
8384250695685643893
16960410701191657834
13633343771193357048
4475459927966152235
7830766040142516466
1301824903106341247
7348174389479344115
10615499528190780995
15938123583790941768
3110282916476983871
4742429293147525979
70795266844141712
6240683361767149745
13913182724398783485
11535403777519658491
11709096522294789612
602739305481823872
11889129598394809879
13273347484641693652
1864778258712859563
5290536916509675265
7442926327196784953
2377870071298541968
794946085131543744
1487825013300460357
16227054943037177319
6094845972402623555
11610408389520885092
9854477279513374549
12423528599950239202
3881925698372855144
650683716187714761
7337987093335182282
12235322827859194949
9697611911294796745
17492969349015469823
10545488627716940088
8803018738762218054
8130590456587117527
1376412459021675253
11084779946616935998
511039899333482581
18398015939417582222
11825697832476120687
2957490031536669471
18072861715492065434
11675509415488088234
16351044843735581146
10716097405091552298
4841816629006857697
12645917186271206986
10401288180660949790
5684806681515903756
10716733169032159427
15902525349747489702
8199364483798788604
8414756064870611530
16545746808412742677
14368687443432905633
14918128197868844292
4770686290552246476
17434227687894978234
8085733880910900042
17812100201888854000
11284849332010504557
13319364107133778332
13404537284225679997
13526049590917739776
9699646700786704090
18141483343902428629
17090551314480569002
17177207208193282558
12404081957228023801
14111997795541212423
3969498496825551351
16967352071292091071
15789683783704978495
15798703156891565722
2771706910628255111
1146043861647184436
9709140608288686338
5886103376611009206
3395199342356282235
4285744087195090111
4771421469147985132
18003672096015971300
3118617515098734595
5994170919510013694
5348917377747746079
16866598576764144322
15385697411052679462
13947180673969644832
18146978035160323182
18440889340706257016
5564745851750930309
17444743866964179644
6484479031294370167
6335376407896408464
10925375042517605291
15619272867387988824
9911669729691970287
15370549432242339922
2116623118301856686
7386576849088658660
6196329951141618843
11593880715768842756
3008101685747482662
1723489469097412619
12359034521770144755
11883583526252467025
7804905533632430720
7555559372574120361
2224692979323911224
1153772603631887765
8810237332933661099
6499882799075626628
7249787109672687934
15437546545301285131
5420958478706926865
17415296158732468289
15420404555870820524
3398292647685021607
13596422903781093249
13236945770901566368
17542983929418534850
1510899436618823391
933531056649953382
4126007409965642547
15963746611268513041
14317445283037766377
6967301355354097491
9941197151649333804
15745788361125597346
5080183524014470042
4541047016448470863
13407334967510254930
15312056387273988164
15995276773081690798
1598687009380188361
7535315576943647728
15717199600675039110
10849022722028607308
13096261452932452463
3272784640512377667
11370491037821753079
13832279730611494249
14944860590450457418
3293577466520894979
17549256041705721836
7833787375416196884
9100133583381991101
10016452379575065026
6366053215629052644
17634792722114422230
13758215414758535402
17416818092068602898
7500377267129952286
8283824435217518856
17200076353272832292
969408771624707578
7355708737185194135
4978093110287979888
5967289638367483314
1054028898107248566
13337981656540626937
10396493522134471038
10663645829995833118
3162441554678940580
7569694277065652093
13479832353567299129
4435298752850451665
2075325438305627665
11968232357378107587
17307780295099508312
4553627925021518177
11493184018860099267
4789285460781559843
11499045275337501689
8014511848792541030
17612169739651805754
3656566351842160794
18039327574904019999
320264474848720905
7069108759017991216
1207720618298655187
8783429681616465277
1911257293952176356
12686903464083258684
11241453856921853270
6344655661899402248
3531563840123544008
12444642455684957525
4011093766460499443
1459184902287700089
12597151798183666258
12127602002244582838
7361026537284537823
17498580423606733367
6440519982679928075
17874707665991502264
6143945242948820969
8675147485943227661
16013928435225766357
8446928964510114382
5897402220993501258
17443445951408551630
5499325654942727975
18247937515907999295
5551888955416940119
17160579082010717211
11074484376126108507
17294872669449258896
6785597500570573642
13867944316134263724
2011722351065299954
13056139766970139482
4611184915739006959
18446614309565765607
1222976155743906371
3712429419721754868
14897740927863603644
476016296226381532
1706358407644352346
6362116584857891940
10204271299361760576
8402593061638236599
13099841401947659615
10866500930531350030
2504927390721028710
12440042351088506657
15172480704118160865
7056376216412169206
15493745093206472757
6227791347111968873
4171159118685658037
12877330498467641909
1875445664506743850
15904273916695958043
1949026821149380123
9731254492153360639
18374212778217098276
17165205482586455333
10088333229175893962
6948560511899306269
13333909667055268930
18418830084458725620
375272097049741443
14175735842160606935
2597985422258803624
14242049480357728956
16215549887524609643
13407359260945699121
4474778203570338386
13638134125892843411
16195650105872286795
5817389780055276702
12212498527633998761
11877369647603913807
11966003610586236476
1742448661117467820
3190446132486311251
18400840917686253494
4405875098091293698
11966430630481370018
3418579737060800328
10729346541803746879
10331793217003178877
1396324388966554813
4795366282241641910
17284736569988193671
17117402089116818478
9048124036766859163
10880396735444035220
16037835346678430364
10060249501370604747
9644645422854027566
9428167911051388471
17700230694836066177
75154416732071984
14947014493017316857
18387868372303800884
842709340218940548
14681477487454620376
9651607154571037028
3248944678633948738
13541082624203046580
14595300891198456095
15406240360905872786
14706484131100173187
16488348287002486308
13993381464817807188
7979681116692947119
14143652424078189794
3095905701474201798
15779027940523133025
527830487203935078
11378452345687319214
8343758742328788059
2296660865408610184
15678748414995141176
545765663723478172
7678287148611162691
19126883617863476
2284421488546133590
6123695815409055459
18392172959013667114
15220985776598912353
11362746757706485004
17962091257713762479
16473024573127364870
5722333641961799290
1604265126455392759
1289156392445788068
1313991699225773159
1179593598530506718
15394832502796346124
15780186928752916630
4805963813474652648
1700278946139632477
2704518562242699489
3855562428451578803
8485261895063024494
5118736516449909292
15639188406573042120
3072422669767745745
7899876105891779057
16802659310849252029
14251618386292124450
7064962840417028171
3554252385428232129
3008207754993098980
4825743204880697734
12357679820252966465
10161773819683259309
10869191440609687664
12580781137274930623
8657433170171162758
10343016887293996232
12020073189471749163
16907729089694428413
6796554240939103406
925238358401063292
3498189765277517504
15739320678524061532
11091380709246837037
1847020310289229101
17323362669447368621
16855693922044794507
9609471928261310256
10590847141245552104
482369544849223349
9381036663219940731
2596503002234773580
10811715722485116298
8621983359974530490
11016095911708659943
11487993653376946081
635477244859838045
12330793844851564574
2289753065010363893
13671005564993177418
1223584986523340113
17124161018308303604
10403937954743472272
7925520717072034898
11008817346349177055
17165342289524293467
7612678523301734281
4822737605436467555
15058807323071730743
4867594975268861784
12367774945300836751
17451995757986627225
12387042509518519928
16352392999296456031
6513754561598461617
15512860162586676409
6952022481838304644
12223926645215358357
126902676933990973
7995272910207188991
16818267595546814365
15556481263769054830
3120402021927039522
15725689879587746921
9752600127167079943
10475732629926599926
16956777652146102552
6989772302798595621
4339106875492492725
6802378749061707663
6189164499760553617
17155263021667257164
5727469949420728484
12427576412006332502
212872643084360953
10300682882945152415
14742171489579668081
5300842610742015669
10413118138989618094
17510703118125830741
99278306407470509
16926880460516494302
2367656628344400411
17608271447075281760
261267019619023302
12056359137935366927
15555359995470287215
808901891022432954
2855948436458280571
9013310884411493769
6730284471001181897
15407232950393397882
9933187595334662805
14662760554859339025
7035997918985851934
10875992624052303698
9842048463240138748
15405593447106186925
1345488073949265327
12894768531564412228
5243912720731232348
5035110159399596057
12103668652381503681
3853508707293056468
3373702147131587889
11914550881150269186
15639474377237398292
5515463696245481520
7527114430966843530
16522710771473388234
7211880534589672136
14580056810037540840
7187881603792635591
15822924639606937831
9996199840134551942
11857537965331362018
5985946882059921985
13738823624897273466
10363876189684105000
8448054315542680373
12552298300410080328
12393749062376461793
4492178603117089211
18103243709757835601
12786911924870625952
2380171855702067283
7078575177349325377
10966446558919720154
15774794160489232792
9564137830566468502
5655188599693358760
15140952400785036288
7831875210097685483
11360814713529063935
6204076644587375929
15243590102382203389
17164328643618381228
1778149284829869234
6072304169504275993
16801055024063772062
12440549862966225188
295694800200912386
2631431315828292017
511691131038368860
3776030509365543096
6308232530260682377
2949277105419628877
4880915637632517529
15821291596997301998
7510335024567648538
14156592283793031674
6203402391806282259
3928881872195602503
8351785954592959328
16380231218699667287
2286630161574621036
11644778803523312068
1824781096352672321
8096288367778617125
2328606586909693693
13530255647202792691
15943257093414337698
16036859314515964753
18418765173273513922
16746572745864701928
12042333811718207545
11645212732507844263
517061492459334499
14852464750776708010
4979282855998075009
12934756560649382814
11852016088873776044
15612041192364637079
16565204292508676781
1167905114358945887
16985745520513335777
13177207462788389823
11383525808178032568
4207537814974602439
1089682584958544508
15829420454986460243
16463928574373330260
13060204862665233458
17132626590917182126
18318079817966146620
1626315715744135283
10112643548474545838
9302058197691131419
11163646805562458206
17538764442492987310
14593701033944537250
8060968854623851453
7912071811707809566
2357245212825058195
213339167744192042
8917995275169871580
18203234035076870081
11879139399434275376
14418451262035183098
1258924341665626964
1030292427516865918
7890733145369300177
3953788789501315910
13719328149080182552
3261761342314847075
14543946084701900041
7552029397895830271
13036151755945415703
2950394906403466454
17102539429376991096
21741690512209065
5345635418290139434
10681182632834531601
8226723709844662228
11737666835766694213
8828938268835616934
5052950541847152596
15132195374643783097
8764955207567067892
7086817452353475988
15731016743673155985
17262999517171730649
12792325926893893268
14171698319985721160
3525536838738343798
10208392398411527629
18157330193426657808
9596010526981322579
16809679716907796994
15257105789482731959
892936466309312756
3589746286517268033
17200903322736729696
14918574800877111405
2141956944741859515
8507500456664609720
16894714708244086325
17248388430929327760
7869542839343758935
11860370100694286285
14675018066701028002
9825298831649771602
13408757672250853583
3793563070367937872
4993587160731881664
5928398929244039971
14725617606239890422
4530288540320783081
5717730673079151206
16823828433918549187
16984270345478286870
128820890302921123
11809299968504685547
5648112257072186716
7161084834264739282
6901994481105839442
4778231410747423540
7347122227258758507
518586898302869917
6822355117790046181
17191424355663970770
8493330552249525833
12363537072091088885
12166338433257554028
12652567028193551558
12328204453442783470
12227529195787883231
857574256387473105
5729951848977526584
10820060916327977096
6742979583517216353
18083872083530277636
16019033374979918245
12462327176964952326
12208403594139802172
826858190036685392
3328754799841066243
14124935423860510603
8276223248468881349
8614150315522097416
6286847514276860918
11205847534675397145
2398742415424623756
11452271507899163305
3822264636531181139
5738000514573744981
2475723498944849261
9260774279452412339
16527482550951863872
16621133716833000079
7522698737415171537
4927269532367502930
5546410982766519209
14455594387445238913
16645415464580734728
13072732282641561815
10405749871455458576
4705273452410392923
1847524096111242056
13874866648431297451
11308249555995038104
81188646746851268
8812382746304847398
17831143360440941864
11560756501029011375
11193822323907076478
882913399896153700
1289083611407002921
10340066158669370598
714193387492111147
15337473788133624219
7461990917678527426
11559356536454179185
2801106467653786491
6584657250467860082
8760108979433502923
14873142207461654829
3700885438698746579
3313355300549603376
7453655131361997389
6396003981843203649
5989043556631942136
6747792488723816180
8763816668817021666
4693986132111115852
1050681928341069787
17890668892440370
11001683174362524788
15124709981086873694
15172212955338115343
12515065419146238190
15199622557098331242
1331038557097402188
7886235672792567224
289748114131947486
15763354068711434131
6113033175388569489
10735933671978315524
2647573386998152367
9609349644330151581
12179694107832157814
6965691808099848021
3606635930716306876
5631694474958259414
7617850452099211576
14740771434746134119
15652467942179698140
15185187862765582195
12744652927973773765
4098113146003806851
14197493904279620953
6150916305911209507
15810188694001386989
16852775397956133334
2827431236205825216
4323617605997788971
1084001076550010629
9700898052453252263
3757433429727529726
10519772420769217938
12828773083880686012
11313659093841868506
11975416490644048677
9454461408088070181
17303656593042008354
2056427619295732418
4154090649487313998
16343741920306682189
4001605437197785870
15606703862554025392
3410825033477394752
12077060167671989401
13535984399918509207
669253824638563883
14801925907613953006
7698553193409344786
17527925004822692053
14762641817194570459
15874766656304063339
16912520180906307836
1913803036954618877
11580483059869962133
2920515420688508056
9896714820578578112
12644925167022010013
16847069868223805145
341860206635706048
14797448233732330523
17716641359558135067
8205063528831580747
14252152773414726985
16283647030289505681
8361786778883560824
16288207320101945450
4812763921539552976
1280292814003198783
8516699774952331525
5553910475119315891
6581276268303469666
5967109514909772039
10075668570755245576
11968469248001178914
8048787287612500726
13229384360231936222
381450555926808354
5043590825026228853
16441243476048793833
18256188765051237794
9033310539195373832
7371765111308957784
11700754473039311905
1900341446003124
5538399684011523118
12298850754335462637
11006628353964771662
4950919803642936782
1397203783329229596
10732808562962404747
3960234057642060796
7911212720643172670
3680173445030740623
984731053895854270
17474600416074855507
14378014510072776651
6226278619172243663
16235038709656515043
14075611383988613590
13782864277994159611
16439790385863962506
4682693460347542173
12211695128399581710
7434881286752340065
10322775702449631735
4447107656679658352
2578184122395151032
17765988022302080484
14478132527540649788
5928728825539356611
13241581824795460103
5096024779727871900
5163515259549602047
15825258104930824740
7957801409554811513
6158015153928290059
9757172908711028568
10868068511688775054
6068458454671228166
14123890252130968574
5173190062319125690
3001447988258165467
18226189222343651032
6603669236388622405
745070860936239887
11285750225882435644
18151402161722234890
9494904406157084362
11013906856752651204
15830112063148373200
7635098576984962779
14602012449083612501
8917960315705934261
3850808856129414875
7185080144184437350
7178405729461110370
9483517262865517975
16205857340317602906
10069728369922500339
11813573438169470726
4796888629248713455
8277810596144682435
9721500623423402540
9595946901714336982
10519808914743302365
7627081780117570515
9058604403516099001
2813776919955530255
654819171460466823
11921430130033420608
11363854463285127993
5409197391024027424
10059834407458546076
16825110299377538296
10952667978667071550
15528871891896992204
13375571810376684087
6745097099614450764
2363478193798599572
6129237317617791410
8816353613280133704
1104240521371030587
8215909933038986031
8360501720951688988
8793688259638542086
7915986429007123297
14624350317057240578
9587919747439775804
12100740897186154970
14725503882255541952
16719357410627233637
18338240058243625446
13063512651690518276
16556670367009476830
10562039137811181816
18101493927545570031
11202402160215486840
5926334892361687296
1275932453060647052
13263866636561766434
1443230100667084671
1519320836950822531
12771587759963023428
1797223522393828744
2234325326903954253
1319090180865511518
5093445097768116735
2394735574346488164
9231892729740437507
10500654110622174962
11693647879684708387
9081886513108102897
4405145809870184088
13663033428632960790
2315530463496689928
18217918059772058434
2395226062881418686
2876259665529769282
2043088700168175766
986919789566832459
4360256238206399770
4830797296543195473
8669725106103559966
5200340595024286740
6947728817497353243
16803807608204765972
1871247962226188847
16615963122553132194
11992508391127297629
15444086897998381148
7505625025852793297
5121061980202327536
16689552157603424165
2993360959547534771
15139040568660555433
7778457418923799720
4928572239289624721
16584705812495470384
5246142140315244413
8856367923484696026
11476643800426489999
8527188533898679599
13885296819833181437
4437115400175693105
2282830472981216993
2680121188409558237
12838662313916161271
11724314520446239099
12744942624687155823
11783914321628711296
11190574832893956306
4320849558595144784
9358795601136001160
9522366423179595141
9117977143373674186
13776235196247772665
9549068635298182406
13881981205277560086
6813294929590340972
9822839070758503506
17400989235383102735
3738194940682361063
14128204608180228790
1499764117304115882
14086245399501795365
2224156511874521208
4597288438264447372
9630379838241373170
4139592480542735988
11845443359087176386
16170819362379373453
2441722484921275322
6325286637049962505
5624605647029909180
13447757019565289676
15189696935744909189
7113424349737329437
9868777478245241208
7512653024000775067
12003180729464566287
7544653888456386749
2442032821897102611
9759865665575442556
5804225162156714999
13174974906625873631
14926189329037977030
4025833210795104048
11890779691956629497
6947893891234656097
12239191112169503140
11387793455946682380
2423787798926610142
13582533688540880778
12386270967586890108
7326254182803463433
6942275124798778742
16682901997878018657
3844608843710056814
4115886141797556847
11951023309236268537
4472806146675307165
10129228033162349687
5463928080006078877
6251115547929995803
16615320779171375857
6394540391316822276
15125426088687407913
9013517230230995161
5059839945164291127
2669507887171860322
9494001900017650071
5302466640891697398
9852218553565246573
16313630514158471224
2211882075931090388
10044207682707582607
1976194806033409111
7258088126777316591
16482543043241787134
4207102793232323297
3688403160970439789
16486326554620710178
1901517912918762840
17225188467081568171
5228087444469023233
9054042364924843403
9905640640460223951
7633342494416541999
10654286759280462996
12649963051342734869
18308503952146062387
838454529896755917
10695924312274815455
16107686422081270218
14669787736962117401
6439006701033255847
10368360809399952525
15312197374298086751
4873227316388109420
9156031224709937824
678858134826133614
4384725427063433735
4704054125294054600
14566297698950418729
5780336975858086318
2719452522032080122
11687333004537819687
3219798727433163281
17432136819758864339
9572604400879187446
14327679627167438024
13564877490748904070
4621602134835537701
12805536315708750972
1427648277772673784
3769448305752362743
15204916996511065316
16837118124953235238
8228616273540174364
8151582964566071127
567460365978875071
14646737539678730998
15057474751327575375
17819398099303477658
8859933381952251401
15878907841141679786
11493343396548173584
7767375638303893468
10313812123831661735
266407170743606672
5917769646368744885
1701050822553879494
17134273312890745841
937707269215468650
16479891923956321723
7631979881775345727
48516252944701343
3086499462331953916
5933264721207455928
8348684358305314391
8638168405685877329
7977783995295537380
2024360544236942931
7915123561571423156
14184508801669185948
5843225929852048696
14467291762183534748
3416780434310668646
11491407235304579613
3509378609827932733
6906449733815365409
13308777023706680141
9454464833973557459
14521894519170760212
17170277558912302674
12279303532161469323
3480037985768639993
14078869772948523270
550221766553248029
14585123279189942937
2811796204319934338
2661727458144496763
4466599592421213760
9644028929928630237
3535121700682930888
15667029805346005771
12404503508822548576
7407548212387642433
15698017582429616409
3592285212704348042
7983037388856820179
11645288693363462819
17083027036881803426
7117909218781919749
2787065080475496981
10133512741431245902
82643660190270870
264224846507196378
8862255229527127018
2350585571551480788
16990933393446594965
10432115211947017253
10496310509797640587
8984319973251298251
5241869924158967063
16908783991897821586
11084600412010366623
7118030583053411045
17752464653457285098
15288678787142027943
4848288505024656260
13387951892887660516
10988024549790765588
8581232741204317734
4975325277997813995
658405809461813900
1600458615863806955
16085251034516468483
15562365196639943936
212874316060030403
1929406684005105597
8878986461346463452
3994172525404395055
17716954968904728151
10633263677896227669
11655042668462902624
2668108434650975230
6436931959880956861
3897649772141912668
534563614384209273
7451812908452068014
5218423962418785375
17875799909758055922
5415585279197543255
5054865302185632525
18400573468037848212
10780546118031908820
7867845748672331171
1197314041145058155
7024270676473746028
961370532657078028
5805193679089986109
10665059549635783585
8488352556580708079
2431471595341779332
4341847485913604337
12205617133809078280
16438210657327761471
15741561638328475566
6904479324548850800
12091313815533428595
8991955638382857274
265757795327928374
5160017970215951785
16963893774698343821
12670533709506882811
12294889200809405417
7607594122118328934
6400657345291892604
1506760717271416976
11745963964656168924
11427346240867854235
15078993463744434243
16542058819577860542
408737202638557082
11627306809169203322
13837752450875916354
9242392926234177140
12263904865643794492
10586638933477471154
10586232951023284729
16704205718073276153
12943540084489301325
8476081133761756086
4151344776003956614
4576608418173096803
232374892550260956
13027916123477969427
12203496204339465832
6102390911710502424
13784262848411263577
11084742575373946641
6593212571445142678
1510193120708225939
15283645389291932873
15416227622070957292
14711098915139211154
1220987868582522743
8200679368779558978
18191926475179621350
18446529608144117439
18345396894724129898
9834157450373197054
552035512275824981
17870076761070408515
4112561674386519496
5921796441166418930
14998961923518431906
4491153572935395509
4552423942296331121
14421271306332904853
11089661169622192080
7079667353720059669
3628943462836709219
3090911389634300016
9706387604345790673
8225369669864537060
6361427120495507682
8980284586027499527
2185765554168908625
9622409451041017513
11308869602115407131
320276238236994834
14855232969591598636
3688405691274857982
747544097215229196
14900319229369784600
7378413894117133044
1894813714194387429
6259956444337714837
2946536462776603735
11087398747375463491
6537933639389649986
6258212489173451809
2760237847420485438
9322089790141982881
1825529373037984628
9452136221911334986
2266790074617031396
1913719770402313936
90370488346732353
9016537439983684421
3337080831019890339
14081924323476379483
13648155187533670361
9577477425550080409
12830231507169120348
13861252126249209583
9218490328476736557
18425326864328877525
14908818890923985674
13453982946313540865
9062359568752971716
17961488678903090335
16924278527080237557
4463752121774938804
8014946067466944751
11470496882467972681
3511958208513315888
4063183042063676076
1421438835311055244
14092062446433438657
1147349865019202593
9331107998064196580
12282290482134418059
6657869051235516463
13588015142228014214
5743054337551856378
8663008940499394292
315667828914374418
12437330821768351133
13750521090037386943
5138992358723242658
8748291329828834070
2079134434246870351
5624316589078559214
16529701199343967904
2057387394539060736
9892066938772833452
7237735323959609897
11637920075591086847
8475341059221722990
4052831533022347898
14415326929584247101
15140910102315109080
12487064594768862973
12669304515343265661
2780355788669309351
5782479800043455375
1355303478129467055
4194944000195664592
10202780718640416297
17985362929796414346
10824622862910248965
7435658137956978645
17530976249052614375
3303211708960641588
5851562129909285458
9987024063469928519
12601969107639045690
6044812545187736233
18117825359130709056
4249565843737576331
18193517643236617947
5927569510020850503
8325474267677695339
15142540924865571472
8976061740678319242
1765856562355905613
4221083450610304793
17436117999808742022
12899316522928663971
1707332816740185282
17879148628777938672
18021344491614913850
9923240171610563940
14119966737492636987
17789948656553366912
10791525990201624098
14534770023349498038
1521132106605036127
11810096769796117237
3223556378804150260
11884593975161662322
815538423109387966
1172221929883165514
8015255097853997385
3348432796836117784
2797877662998331952
8322263970082198644
15056888143710945234
16171031017472775347
16917950788457475050
12130852068848156629
588678807190217894
1535373317910838928
6994825400875845486
12344280248681419364
10436232127780273303
10161824892441300992
11042770113908616639
2274410939770610007
3013065158344066723
17035075333635071516
2416415425862444947
14596442791731082041
6136564708269571184
4345159545340718547
10437371371058200771
1598495187274698387
15811178070748644664
7437944107390252579
18369802844580416750
10546247946543166466
5119798241913089437
13732655556440247694
9910168709103972859
8098744127235248346
7482696951597074610
8465203590140596513
15175074100046428749
341394670928349654
14949272223343146226
2596464231830140556
9052456862754391919
5431023820778356098
6199849590107920107
5137362734644659396
13114449296667135348
7043845674863595059
10937203550466706231
13815006821499302304
11918619694272272791
743477223615141189
8193437234647100585
5779778739127867333
24434550406768485
3065148294736875909
9827364327463654849
2426983897756565471
8764340734525216598
5588110194336724528
13963569827751711253
4557975877751128811
5482798663832408524
2330957703339797761
14568128499807627736
1870954753359537102
12980171325181659756
17692822398979235865
10308285068952656010
362042283519706366
8256196347714361599
4946586680999671924
14281369002488122052
13453588173201063768
5575555044691984000
2665847623779241912
7327757395883380256
15328250261414168991
10126452056712761964
15430663979307093456
2748466433352277389
6067602088046968864
9151268563530428464
4316497848557103844
779526774417650103
2106883631968412242
17485309457079886444
6404665281062755194
15272694529118816200
8716128588917893907
13791620926063714743
15680763967800984723
9804695109804687985
10463127224529016100
4481245457223542981
10107958988889429942
17680281626072386060
17851789667315396186
14576173970625128490
16349348289309356170
2894635647416869834
2310132309798666928
5148184505582283615
8156747783790378415
17687819885393744337
16406047821471011576
11042327142235418206
8428817437459066613
8321065851213370324
18165877873778005902
2912697839485727733
5261666183082777844
9027957548140457705
10035445608750693321
7083422790661941723
17483576311415957321
3715654239211171386
10778287118341741648
4129759824331987130
10786638001552688749
8526004306088086995
9403362916688951723
11636163073609515409
18177352301712424739
8052785245947714306
11364316580243461025
1448843046712231760
1642956025002444570
585634239400305535
10942550383343515385
1036014660078677794
8423365517292862476
8194162748070046804
417146529429694259
10386253267363739254
14815637634616047920
11374883415392977767
15956142808667877297
11651115764754583539
8813580743421132119
14050999505682888609
18245673039783983493
14457987289220453198
18025980025792258381
15986309355545555964
11887486301972858853
10725247936119104610
8076196779383262333
3214518566002007800
17838595012339397556
1465672640662298669
2329074193406636006
12839727381349101272
9072529026972986444
6879640588044538568
17697859749538609830
13155757439006855013
11865690784940474327
1077783903611456330
18361543238974981168
4915901208273083428
4213195812147498270
13622996576010980392
17094275108283506010
12284991050349966506
17630182933469332141
10220218295173296061
10905824406078935827
18171666637107019826
16912830893466282632
11920907127906104254
8521701223587680105
10528206989365829294
1805547112250489476
12427372941105616299
3070109675974235895
9636291417842047291
16184113116482106211
5864868295647456705
17513156159566239897
3881896251449743978
9494552408350123441
14127250807014367373
4133172555535865965
14230712625621693359
12397431291846491650
4194398720685698818
363097407933011631
11348938579568820540
16516821804912540928
7790301777252774628
9619910981451155738
16764456270272689055
2162150331256606516
1746042947313089117
10149108562770364359
1479557878940073437
3271541449558413794
9220673800956051686
1091037061021824589
6090226211715125016
5295972981334914271
16604377545622178051
12200944486780773169
2443423925002075245
10369387288848378454
1539282996853564622
1774961426952063794
13045246813077258892
9130387386319386829
15850931478262905634
13662127296290752814
10269122225638546245
8791878946431320525
9728991103479420149
2352306719751874192
17396978148033163663
5478695329255630204
8125942288446762106
7650144649734209612
7332455506926142859
11583051243943171198
8011725996547694050
16879336998158240117
3796907329852063632
9593489850507698472
6920832241235311815
10514736899406892867
17086770799928215486
17433336778233317099
11904369649545496287
8499219317420938836
16513858573255351629
4252810885763733072
11737952186297883187
5926256550087697793
12808110995655971233
11476930306369509017
4761655711231699413
343659354954965852
12478663805335898413
13697635906486187623
8205207805582029088
1012980929264212184
8715484668867377232
1973872903424370990
11458922792551434873
1605790417096549925
8535788074457072323
11472873071704395653
4864126877806483206
7412988732389881079
5608668197399698530
1578483971398757242
6200477991546524424
7906235847008250860
7554410346827460639
12666432206620127798
15340880013519397938
4388157539535267220
8634130492208992334
9186265479611826470
4575211762848648986
720580134392014339
17130986415131607729
18429855986311623622
1966577871680916638
12755960188398333830
9312497173349773467
10011404155801292289
8330937599781114968
3372134998222280997
12521493153244479455
16198527375813032357
6023690231362706750
2664288577486011178
3664206290204764279
11977702834318118710
5414300028766102281
6529103334953978328
10539276015909504676
16372345395025240513
17580921803423480426
4056401816284199109
10768783458999858613
9624932961537330385
7048503401842342864
5679611001466669843
14256445161150564802
15717396851992836083
13001950487537650762
14876900170023130844
17394841304855631987
1693375864771712617
10160437863829364750
991398325285643463
12539990184419146598
15382674044427536092
10471452577060118367
498953250687747994
15075921144661506239
10297030784251618520
16732384305219786677
15474793627458026504
17776995073850846544
2603604260290835920
13974081237556246183
4696073905850296258
18167192513345847828
6564140770829039438
14747247024204617111
3187050887958521326
9785119549632014036
6548802885282905510
13694900657181810147
2435156325309785300
9048990306769957510
3451658212831092525
15122189699305398887
14894910251773492345
9997283708290524998
5229873518167192469
4725044278332464120
9695561277103918161
11306463609653435622
18063447206967560822
15000457711951409152
13758891313942433793
7429521847728663211
18240318339950847092
4824803603525315976
10479446413253501515
16271044144297466177
17109017444529662914
16310756440418625710
4462310774313266945
14347724836657665218
14672811052951996146
18222963043703300909
11868133158769118639
1724846501631392394
8922939193665828606
7000171731901441915
14769842034511083087
10682532072655147959
4924263729164647609
16631499505692557300
6845576946589981436
5077095284306666047
6000747684216598894
16486614054061716951
3227707879606174469
17853187664629300765
4022365898975752071
13434489629328458500
11843536795925385539
13160034544047085924
7421368808307724721
5093045369196897800
6811553823134413231
6362413133600431607
13256638583028120724
8099958554958409105
10614687846137766324
17462739947317072427
16649587738599683524
11587144531694599480
11733657721011186822
6945264903662692853
1447960456947053571
4883175957236904067
10224762397280754704
14029632473382414096
5008809748899263040
5289290891129550108
8931609183615081675
17947279774649877291
16135869616052383756
12290938245933211252
3804397025529645500
3354915265038304343
3555444261487816012
15888464672194643846
12158085714727280267
5507741571864779232
16917034955014847785
6877694768622600686
7517446319573322070
9303450927503592740
11357879011003879950
3563644388583170644
3151259855397572949
13919298143799854413
4934699305019823237
6494977736807166468
5443895856993489671
4859915382484775578
13441815329428445571
7100239971475051667
4991848839964476349
154761239705673040
4653334116657474900
15425329957653453756
4417557520676405488
4402067940529454020
17975295937692377617
14374461223771696593
8682881744873610914
17867062390267770239
7874737541109229553
5399853080067600347
16090067791835475819
8690971145026470963
791933644098183739
17947949170562207460
9398146941817027744
14592204044119628319
11428897231939599334
8087812605568818186
1378822768385914371
4333534589229658496
15999332279978223175
15108465114723709613
7423373144952357667
16396888459397971675
16385153359885913384
4745019120361646185
17971496161414951772
1509452307950556481
12170059715985452488
7551926146182147232
7441316320441997300
17025847754811266381
10186740863332649785
17695626596205823751
17563621277047186023
14412525090144996094
15511315328269012805
1780154083352547594
231530656759424844
14833383379734114229
3260482443240514815
485911933132040143
11665115755371992744
7032118753017315396
2115660781890715019
8784178989906223462
18088823633607329464
12753595308033620838
10790561863012355447
3294494609387055586
16480996206669085275
2936460897376748272
7705756767425484114
7261553736137431617
5845317891695696473
18267513155785033678
15325710745781739924
7170703593201948792
16024331999651589058
12030631074334894379
17321152416071878726
17516589195632739956
5123315429596209495
6840126052449594909
4397410854641193460
16235550226658937007
17241926411190921722
11863424788733986781
2288022821796008862
9123104205437958065
6696634433930922111
13543946039663820271
6985067425328473927
2239021288746529778
13271877277657274119
3078801626323289456
12310752973413159120
11428099967431884471
5978746447506397046
4478217629753429128
1071467059397829491
15494764437363230673
1965918909666856958
9456896603604580913
9243561413606185742
3201948460852007587
3098173296126194933
5719721947506281073
6384724429220701426
168742880918742400