15929942824751139709086192816586744275
197974534844011768968411032373263939076
211052498752116065841195186357744197984
276063405995729410350061299272702959471
170918219665083674789197906197105454465
165261320373401107021565405066744778509
9074527510175345093498369530058401064
42916311662949017693093328916562182285
13586592834458635259786065878607894642
13076667247276570993834814021788307368
140829899383994802847967649858088678139
259974963355066713070313331645080690597
175303843465260782905422556946939475698
219287186818378771116619382014889457417
252427791905655195741605531863622302170
87554060522911758103074513318989772034
2976601040398266329146424887812150685
328564837571126586962112312171486229646
83603723244896254540128869540690793987
132422588983067786214485788358947750063
300609096671533392369363574197835701534
311565667965642539844779554471589014858
131746762324883432912725461794313297803
66596799020413908994036986377654151788
248957571856544037091424576405675529634
222754184268113907046895405814137091024
307480177791280826122993533505513359572
329498302494761018890479805178288108649
137788265658442143556767121345099394454
199808059612790893327109162730370185376
255755877489658523002652382183907385604
79038739204738328323132092900806673090
336512522791499822238459428002928862075
129428158769610615053328539695231312832
57088374858567274740403630217507283186
265504792471346851149211523431934653693
287355176753505198768355873128228682191
320636227239274077744575248746723980923
209698897722768475936235330796108121646
218907072355955429348043492752489682177
191584454247742222005689740015029962612
147105513433341746850538208434636423749
278460430352849576299431140550372463127
36968179090888916169539161539833372231
338972532249831002372559229063283233797
86878901384478423708460643619001334069
255417703455575155303678210475313286191
241627902277980576643646874514406837571
81084377553494574775740253499046989045
27075857700645009821895879745717210031
216274264540582951086238553029144093706
81041803418965604032420707433763720768
217954989600653625313895065089811761801
276143415268689877404156544034163694604
322464865684192455429748007538774270362
243269389452903344892814172541217996075
268624367579713721550716939023034528490
207506132984097000649646830577021505659
137373445221225336829208885382488730552
149378294217812322508879056989432870414
185264451782601384509756029458967535343
303287671719299872403241493172813767251
333771316812659649336211336255141978135
320240689760963744343177235498566007854
324628640252730478615070707338422362
105433108009522267191030324037210855826
307312525879277101336958196172705236246
615405527790575934741660033762408221
171572252054967690734721127989829615268
263418512505340344944178950594931215193
218940252096835514424210461472114509589
225055762120565783920452352501096562466
224370303621227906101755621105506733468
154411110560548768538811277283737303161
311099952936581799889266779618304659523
70311938674393308808722461593601835473
101591295715806766003314265306802094951
253976230927880692019567281147538928518
238559746331354759116559577150660653572
57492234495126712930384573871614538929
181612117804876137565294092932732166579
109796701526424211411195994657479796724
75368096107831070455527103547152344435
113826485164493599019985819159490012750
239665220857228629668212842318977394213
30501697221665735008780803864805763113
322264382117975530498169472572871989134
249983001227953109545237778380747020822
141058121887920700058886989256334542672
68244249691585194114092542443944664995
204677642411734655508591337989091300637
225824496373726810929706384468517648852
171595727497053504543484510752645464259
26103534884120024317279771144316733056
52791372142662348669490278435070230874
221125863846566220245920616068240661945
26799862498825804454118436506968848889
126087449122030862715676547288089064981
284097412980980608110724337648132170222
162371829654295244435181576232394614066
164437979911157807430712378392192547904
337299497836014546559213476554921594989
37724809606272444268210568203781948367
63795173115591443079466658224403606805
106565782224712461199032945102382843092
36417817700628193074112541208593528006
240333078793975082209472819597265826050
18830289103299185355201475861842594248
142979898682356154540375543273349044425
40789284400900032967560620854447492205
202773671794141857679530797855518702435
214140400399133885476955047706360536700
304487292532566595622873748903263782035
236555452682054783043396015576944472478
339046997272843539460488054732492543202
233860613499648697935988281233038299044
31369593722034150997885411111761976358
251962255482676974960095478477125442358
130731911830205999183827253057197934312
89160778494262364505519259644714252845
205125836848043499730540431391093005329
141344798483770122521892545295869898336
165380824159184703042441650538412176837
218988249045513056064548302111098538549
96056619927796318774695338817398526997
45575826166981515884398971013762995092
91631745597209321081170148089689963619
123059090045815148389885079071786164539
76913873585666051722743708361387142917
187495183168345359138726023969117547657
325319864937322735409579520452877244314
70643364433886825922365524844702469642
263887981575017794645329970208904251910
198774033487203652535591895558278257140
7250836121293042317486197403197795044
72499022291185875603654230519691780560
182350843807737771058195573609275071847
130833137358109712946833941752819060015
65091353008149525531713980700706558032
227214555965041341469288551490041301554
120789668493498391006571679755788779708
125961666248050797858736699154670845484
144996810244259159837544196478379265254
32101241937165726653390378198047838529
109362813883039162317426352024085854957
67152991416936394491729183826361181770
327017302972058224041190521304362696940
98625087990187638568039480742583329192
268903585142072428146049677941634165846
262064242872021428967614816261972202991
90410572244089674020926501653072971444
99511470372802889162885568003691948151
123135669244876078171764553534987701055
89290162281506928918880141623466417659
22404791993874769185171109081774378719
126630555249565023801128353789098444633
298175612538054208852052144652663303993
26172474580595217615442574877048081789
109605886911479259462147824180869587022
27134733340402068320242317941271009837
147939674023698801515125073325512768312
296397991448313475337876244100059972671
90960901722887568542839180245056807197
64808105045120064820711531211970434618
131560666401718618883677325255425921376
188877722148475965527224967129346445316
127115477590913706104366815825040506462
253582068287329471694004718234427224709
111381758367237077741436483738906369510
100136217804728703525691938695119335584
123259479633341487351734263283598694789
8681902717621952525158395946093440761
35620611987572251502059025016716851601
169983445470546250679537596033233623096
68817880769192270065684629450680769445
191694932014391565072468124126366657135
276715497157909329553407281144587984281
280922420789050360146530188110533170774
42193079453204777035715758135159933949
52818219928160986659589530170578767040
276285597829004988028615110619226811134
62884311927159509742081967252322502815
200887185005387371713296800927134041202
279473348992100876791260936460121490794
232641160503969444371936616743805796773
251112559856929962667688058696149279579
112302476055867153146674772721717377255
293452674913076234055621068468573332105
97997055177341014927404998577297455804
303610015508452603720370080152483057171
108973350401867747255721863586558725799
273380819630485831682128522820990791184
242464680902246471062619122235518672961
107296252439342804236519066035532895996
263162324812237686935319114378536274759
145287301448259513410012082836522759314
106998197547484635629558333662025322157
309696995964445951499641700817976963832
56633589019925037888861705298505225905
265211250180120616319354268848209267207
232532209279797638733573102735277873939
283366516652453118833433086505881132117
76134794984423817573126491830311784255
46884797661679319863485697279387906650
229666211518100074652826334290801366089
173605048959111081195021193618630556325
312770452049080162117408002987232409112
12134254046130131941625474357502416819
128579694566386953006532793711114246615
198724581388884628819474036881436649033
160077922673473812257851841630635207489
91547608481867664117668342034090758585
48796883948809742333774345883568536780
331761338187689345869400266943733939594
120152581544039580769868521810612715779
292510063972972181902356925734395545424
194621360157740902558127388186805928372
286633570450102097533225252327023757676
99037500118400346655347029012175625878
35324416020975896157940644431287559053
175337117608034726085015865675238682698
200757960114525479350075707156091207808
86666489513980162389478635716034395470
178357633189987713871824914723201701590
18798526942319098677162920146441090222
302161491874415731734096104498283385702
158974922646362329883392237807764436122
312513886905325485648638272671509263739
189468237652164968608653301770520712231
217728245465416561363556325762895942101
135684860907515677899561258433620778400
108464492790616974968111136980068378418
206787881753976640104281921955427926983
65138585068689725376629079707034691
265600230548550845722064445875952305482
1961187200585373504728963177956566852
18979442262054593601201633622920133238
134932820000195025138450035235270237581
195901339791471664630883170212602837763
175050535087061717272913994370255052123
1172704597197630962710602053062700859
159597440071917904379773335609260331071
4355696330329573973543658884932971404
216568309726264267296902834004468548915
270235533640083002941804786557304659645
49938054221512530259855977043998821971
190734569391271207418426755226158944647
135728180081423708562570531437977908403
10324874495323315148469657161599115878
194616204996958052391457253365875928710
320486994735190781877213051786550296518
31910119287760897637225318376814044185
187848724255140475556954689224071685015
57312845966406127979404974864474285478
46269009697021915673452698669642020452
87412863337214932338788745393303379782
158764270084120533536739984466298200783
200541678686708240632851951661180501096
120263459220002217173849019037880291894
226624226505721786242191898423975245924
39282818626132736006002813570393147592
253998276716992448011464258218936717750
27561596601984747703797533810172940839
123384636656331579505479028793491758167
32734997638127135680044077736489293272
272481883805298713824781667506703970943
10017702931243214009989514740275783304
213285918317304146174641782424888930762
87365525922622273339755834493836534826
54725156789648671410103649627195148661
60742302080837781674179158124122300255
339936541103128048856157564953176429252
237355392310207937370978636696616269455
166303769460373511852999011492464451406
253183382721177105438519280760440023360
88025239291736406678831869305305961481
259316261049662558207299618609784791300
236352120638261376393846839049294834531
70629387536175524087961963463064493905
151824466115812172855059607160970619843
17302875941293009226242904735861754922
318087107624117309031967232391959856086
97689493262278536488678457962369560411
287612018256119315616731527041960744501
140115929451540965238009688892268410953
211661570766957676648338635751989039498
325001051554440789612556612712092276274
336601428145861816617293212803041373035
320671750467370600136317729813420862118
142794426506411371736329894085868399005
147281271811326652002098417353762844091
227007199648881197583959445544913056298
337582948908119959729448978001060406070
78998997050511385919277653138415594287
66831926798053244549280267486226401124
308409548573583165139551349665054150815
50584492295854747681554420071083796230
75895861136380776092628538408219410343
329155773342852744357856658013954174937
732911973273413204757251827875793540
92473591262000702744020305700708311511
274011206585276335698647304804122123963
244503051826787434222531910940282464572
163617554256029019218119379801722889151
155166928327331356612809960404367234497
216267437408634312426741364836388418798
227602201511205958810217921908760532795
45300106271167092863463268844589611954
15300433188220593346615477194975537395
211202166941315834261404668930382665558
99701300198862474793807271530644088515
337903071175158609274574225554938682044
218143677497649450736873686094565539530
314210896614572736093237321075303878085
108799468128418581176053437262528517419
116995639168885025096743197410503375524
30068953306643377734602017712813614814
326936793118368744621858606958948330427
243218056693089893028002787076044296460
246459775387465494354069958107078979829
165512639700432247982637786987504246726
129024777773990973705070502692672930740
238968119325366188201679670163913580602
311415496494074793106390696590289890175
61478424284261590677094484785649513385
33760027270499098570975030479256383162
257070693056556074041917695855503516797
325673310437351688542095713474769140853
262926069896467086021121549213529579488
94946015702732801977925164191223356746
202444161367952852080645865245846057219
43956965691738584241791373245611769847
36230723337661399736712456304481162047
111668551916124603223441471389305703928
67554779610011063903540393527812028078
330392680766661037504185253200148303608
96154730377753758654145963873944324552
309590369441404165434353306837433664611
266816080610356658748481273129822698678
90141729265353310045413651033513495732
219330537209530600704277591160522812131
315532689182103578767854212219735763292
281535577109998246569795598348407469888
15821582624603589078438080377019746130
271157879497717185512036281107749276500
185729445628308187638590080580005603169
15132826016722645615069371547792076260
205020336297568244160927389182489519946
197252306031450061684022147424369867411
58299786050778105908382700406138040503
142138403925297167780457127146159860799
158352136425331958023792375775319750566
32151316684952797697456796836882786370
160650266690661020624182528848609086430
55300254578788077039985355501527014675
143992862873401629190805598619081129553
235046019051722775530253771268749400787
117708429791298846107662713622774937882
257603518837996325473443139020041053065
174940547419614206038977275564554318062
326742476515537346415779247657585899947
327054142351697013235288802551533186639
312022489072502733702425300618046362009
4425532597769938469561118972581720068
256845690065914632986590373589282648662
249011459584982738286589219365536898156
211377384174281548893199396890368095671
158141996828715879304044103767224051550
58902068268181513947247490321843037580
106080506859302438490002037196362913825
30804019515994557330577494176419295798
221647124623992448764670040089240268033
190118944561659414937362454904235799320
208487811697270394378534396537822186408
270130663044422941650014668046015887375
204852872736313920016411566469483531032
176285982305441169416465477092169570302
269035213074783506380503530004638924227
157220237445769547860094606021990155769
207850416755634908096497676949537835674
301977673467411729882363370377065698894
89733056560634972039204087850184994904
20013649873511726075394492956995453177
72042836789603346338379359123811212728
262128770654997481379931837470984241298
233780715684862199476699160498667492143
277096024484560476322932413490895792102
62787520893617604476603708529811315507
174338450261811430815442643995629915592
330275310198836590131448889679166129097
66688568315592228512797151675518342007
193590806314863432414926683740483685940
243299502950804141876823985192281343820
93100100633094249747891093331781642846
316545772625686778678654971957039270628
221518993919938021749655810442415575878
75686164259574036877335074171161773871
4909871277679804425061298380691514980
335284916280551419177253662631625042215
325855722096981531806638950471186126479
46008559115766718644568271544664985037
287720882335179951855198645079986392377
200381688735770708244475515644504811372
97308180223610009561699326012111345768
269860307323650724921608232338836235185
229775210265794439000150766303515492304
71735574659980827334628968969331433794
225528050651172053209358679895552872931
275056692016403441249050113889893523221
227930089049844182087487661920145970045
195048562297383566831734962256080929156
128569603521835921711990821453616062454
4554174780426521424104548712359292294
80372724406726666666585668096823496762
219381088056855938978749702456641485611
326235186984030349420372163831706342466
174817579911528836007792450817813083513
10883298801998690253484404379608383757
224054660859296058868288991337372031091
68219902405290258790256752663093577672
222883513761439615837971295564372252391
331942612723939628931333997943474672984
26859222800098099651186480880675297529
45096774854701118262089245222290410726
12515639902816773135958529663912062000
73726388334613157937407865990248734279
216270203104707908454899059318668060874
13782366982754856038616383636678373761
172567578620806179432002933955843437278
59351641886408269298275883967110273699
98596741632443500177753452430662954123
158052390940513346502119105783642036026
53399234772171031421106402731967117581
172726152990169590946271803953483191230
95261456669620030088046371089367293476
60484265197323438937981149851264097270
117544355692968183599402437188584697223
39881404862109407659191789022936913471
22227292054583260622458172326673694369
77610049465286255384899958059076278843
224454249186702672378467191610913255392
58516562940434687459032057414085574135
126213032839234899944980011021449320754
303894085555438859245828770745249905693
323759522151848160463089302549283784745
28332806596863933454338992273405233184
59282893947543472172196495804384829559
242800398685334133918626144323122930088
109090117160879953642532270688000159219
173946980843736624411534290998927216786
235388252507958787002723755710255438729
160717041024238973653779481691937872419
38330073453367659178299082585744233409
122133776598774114955326777284645866720
137708141866290711169896662258746009448
66835564518975858593092396301321139593
314876813673266984194454315757806427954
267701131522052755883448327672408615274
10133321421872459397790788893536079034
63518827242010035326388657601695393291
205152400290497126990707951191352370534
72815821517687067136608454449611209160
184127444521645798715469007731630827541
328397701481623563272869561412604360589
86332276096417889243372096192535902330
100125737752991943837278747447037275949
53313169950600566856976164981084745001
110271297395736519019245462010804672610
71383445434501454021540592154511857692
320107611191939493610818137740915226771
121203763043622767749924091032533627538
99811031447941603040688402841694174139
27075202110460324858258432186922477962
105153586546553472462244618463419229924
292584209081827619422046890897486305066
56350881766351676424947436969369110161
240672679099453148830240744339521324167
277299410314720485662242164528561628001
218535682766143480937449987599814788117
160444512045773381639975646450073083643
67526707621087655543539511471279741974
38508018121859876682132164583379701753
312690169446712224648867566966721458665
336714499511375487403338086735875243577
300506021777507972945757538928473355266
40563829657646676716202638719269001315
58556150440541746294447283431513836717
261230537176308224708238116319223572715
128151344966212104040320850409309761157
336167280769908983694274751852953567010
39992738536193110150298792249776565390
28224070201727587725001819663123686444
176679135396236239552667641045673567900
46057537273908167233931959477205948859
248527669779629323619923191125816073854
161423318335983650337357895089269202072
139403646827124741778874187451425188816
72679103610171997643638207327879002581
78786138933519278429916339528168423212
247100977211128751940113809194559292790
133287506726904092685120548540286042753
47730309449313048782571901523604562189
31968230484095165110776458440993616126
295868719378383596431559095642084875134
23116718832248113120964332301048972296
24998467293574775299616980202766174880
15196025105902876798239627388433669366
64260078064460384079658914939617868031
96165208462987161794466193004119577143
143484959633216515735543340226679718732
17511044324364833612629366070159020477
77603014164884840856569830454333864291
47409043177813807459713587252079267584
287882183489447350058285895532594225152
114602721627559639017299584290866146865
261676581755822648093557989590008313409
332100050871001265239488791173623284055
87988200229043451979319066612112310328
129273261777666375435973986112330507565
286436442491227416409011257208411788940
135478551572772315162337910529380481180
276561342408117580000332026111891908136
304786094553331507329283047410128212598
249921688393608857502659443323078995854
85092833103384949673746896010794094868
317459673477681057730044255753816565005
292723465009466651988558459609778578164
336114608590648203425601878510849752503
215213283687848637419613970146039662149
87822399254483908251759229675498102593
167954385463083568598645451267350729137
128455156214543850247449404819780709490
302531450003570467370122134306765264953
245665087046250629979050865992762023923
93061560921270797173011238157358891579
321290518917669457562759264263371897218
211182645187951545996994862623270931203
158425289396868070652777356961220344988
312480679708909744909320053681139522150
330716186084619982666541301150047904680
229776881498282092554923275482810397953
309541849842706066832229459970370198419
137684146097492918008947286418111005836
338296417662783878643389394119852618380
49983226034885193363481272985855730875
241611716890627167760481962566277561175
321944599498019207199942840037189630657
272329166162670943524317150662451090209
129722239129903674535585168796541931865
263826704598480051781173375359310552431
10509597332183457365139249107648358059
143539800668606470347866785311802361349
335458457917791902902422175957864411664
92959395759598774659960111042123840767
124210420489069620619259592898072730592
48491392773520814910413718686567342498
271256035807544144878921540774701306885
207220555792379745125451500702221835113
317640840496834583203523340855524645631
170344349704220578407882282390531417341
315008624589394174907067554594674889329
149631461493297678438132529371873436063
323732963920667702431975119026500827120
96369517630658082571507632306716437114
239424224723054999392148938852594392619
230128734556462846476160159579829065212
304087088894235280304724908746123232245
177163635277362275748152277647296324374
252250405820216130328743108709323774656
165247309969685547009263885914229629637
165195069176091588740053612876831824256
171593791507649201876462597100672886726
299166627413866321861116827140621240261
94338524424462020659897078769186845616
237050677785770891064144912115490959855
260408583780019858994740008977832533767
73855131536795889957412802206412754725
238729559104084581820728167123469969667
254425872731499894350780465620052202406
28812048479989862756775984842102898642
36893017668059830949747017994832319602
229899972697248330828093198121740213056
40811377176767564383039143116208313908
171247300580586046232650597390384616563
47452952995768158755887786718385988491
121753889330597295657139459686421229658
179092308690947734255265620571818375010
103583452342325085196672303723752678920
55212884830628795910099554603605815600
55049936883722466797982229802784656885
321547521511146500715202837195677434988
6816268608278604224107584639762870932
94456080886115531356072820804352699702
252881581543291827917669622807484142629
202118897254655829496253403704904636100
152603919635366096789931791837902877689
283507650903791280498252535092686679424
5871702566663977920748755586839444662
324360746990948778954067376929875502869
206183083302139922875006041514675584830
144913618525438552117182054588336432133
46888252833279816167026635922096846319
251494406401994101503081858846782207074
269204863798147051559687862535928102392
307584889642718598164310281241051968867
176526885309851539674959969465343387983
315202389344204796085857954270029495434
181311488822470585550933024982518574006
121600249132075433882932392281624827613
278005837339623959364733105670347475912
251248646276223669520633390834330945410
212103107864725075171532748162327999948
50222589981865307864890108827471547078
323254527146870250487387183233831992681
221090513896004826129741720016006024710
30381425263102664564582281460094086365
292233379759605097444518049723378804909
24077701894058432346030722654059562374
129400946803618953744528801601671294364
74012745734924352673799461808645832694
118103285754732877764758193511373536975
203314767978212805146053573490787508668
306688567891518142536911824074243895086
186890701492125146268266291418950900271
239350440330793251525440089017010931877
60055360202147852266032572177322582398
147633809558167981330561624305731889551
293592329332221176305777751151839726347
96425249306785076489297233199799775378
248877466389772838941311816660183916015
156128846143370551087158090059299860646
65173978299195688829591064476466316317
232038604410279804429162594248316088071
141060078502118844376352243760440771129
234024536980742579873172057552635190059
283691619995750156663959949461255532454
251633485461942607140935209765621071524
219248164933891177346592339523602394039
35441628351558860868174765291218509599
106092209420538506887884228927852007731
191824624822985092853865491220050990627
23238792047786732661828049912245342865
314001486464704855307311806198849977457
140748872127238938092602871853070911083
170301105659212279360158015865623202077
207022182532231523343025043353471620770
212002568435307412649023438007290855030
60975602947031110884346501887469736601
48895071214666442058680698107092136181
141642817104908630826909224807568594125
314351477403273024607046522065193162279
300484343511159457943198829926835274402
116250625465263453390504333741378316406
308499194102284255878840606851556528921
270012997618656142374417710468681924177
25786129855308591663659009846770197354
66410303445630311025173690007699302635
251796849397810193553767525773234160687
157886415593592859795826405141004238371
179480604137703292752892774913086918120
16384622877750754440729409364936697552
280691625484455364505740881401342007581
136613746056551354337733375080003221700
98168535680526111076806504417201946971
169293914384692733901786011001482351948
111570471740319942025848593518428630390
111710490826588811240157230270226420197
212837124356538630496370020660678122862
134563043936102348885821288591791191842
220602685559284103415794570562363506479
75261453502018357080726660158871284088
31848304870830512915713958679655539767
284455838047352622968885271749915884744
152421207537370025476721864861641033174
101342697197495258360563268981352442612
156782076017683336940740123742561965401
58768248520116808655030119586586508233
218262603445996734478598634461180826104
13146017853884043648365203100346362589
262787503127208319031514956625313996220
338188705230990151218292890830384709803
131602479647270694508805501662107388133
53646454184298597288431718822085893752
104202296482427520376709973556972099754
52919836167739531318925042384583503099
33747810609536634967855853452049985307
216424474126553668173229786622490733271
206482450403319097103773368593331824951
256118986677723165918208215619801851189
147645459916570152284310706563105541886
233128518781564940970873664538863614120
154963122300349450245434048225930503748
42653356613561303324582917981526418342
103397350488789209930233024391844848323
268061999624636667514831487471683398780
299602996635035304146226871391554016397
300859691079706749370491609339835942293
293465345031491663215667739286535481750
225088976514367078858738815403673464173
61035631117577981890703725185885714822
295911169512490195424053450240063474221
178689531270081816412506044156994452584
95305909847106367647714228844335168333
297285099261160188547257159971936241926
60470964367611788771818918957974014992
325371612525254365249535381270225305351
294080969217885266087146895426090524118
257971949683760906012632801128699763443
55172699345742025756131724114603253132
18770801234970141093548254581396351809
304658177486976301018653358792162682490
295309356027501183122872018184135145080
141873398502986657973467120886281105605
336985071912410061346168678758224224340
28097205791967570783049171872209422795
164811987965101353297914053845175401592
267636907776193654325800376942788091237
57713462880611359977193908589002414318
140198182564881558384558221948677275559
48188532522095817178173140348495469635
126514072283716069985640435915192774296
86641596542766469156761827273664046175
32010683699116120216776952840302431368
215143600568644794253869269890569558722
178478935806527494670202859885629525610
52707640594452041267730080317935550688
209789779577387349845152097599994645946
334281985066849173674939151680785592993
285063102705697013627262572151836295623
10277992039630914866392105306410861070
231484007427096942820913716730655595350
162362481863833500611904074894254820138
54391838167917550515106420920146195127
98257875811617394316100249706040528870
95177479192891549869036542463869061677
225610279739424847616296798672812735185
199022868872708853497482518808475540894
200578114954103935556742894992992071666
211921613518775940563873403363344152088
107118405169868989118616798489551086006
158767879592953587572304888854876455302
288544749971333617522005385552170464379
65316461175547058784358092962708414558
159625584524865532264603345453615963277
136440349803197151375695604398585326800
74669382201255292589284075532894777816
239300426813359252600513025409855793674
139804651094476397231951271095169385137
79114508132175117827978474195470082507
40879865975610075691066266969092834374
44924305443585161828870909742522981490
232537052442698793874692495442437111646
21789495250080483907718111721885008894
70205740605874079530162914794098704084
238018358390507884730648696623925085779
20182437341423476042620312598826155345
80188258496227069141682003401200575550
130718846836946747509879453371041189711
300348889590679369297424117646362849071
199308123825213900783718449037021603137
120505954814904853378921850260483972819
280269864492891315422411757482207991103
135148117871973866297369522565741287898
182266721458174192442327233331636252158
89819967939023395997264137568110625083
315017921068072326613284736216759416675
74463157488025347359506621825276584549
155516324893146066238236822537166849059
19482460684682408390880405770151861080
119729965857849319752951853854561572652
195406728646124161011621855166045710550
42270643368718028415718602205839412130
29872237306719297290090715713366903829
6169427161734124901195035936755454777
316869968447330098644859668398903891283
195775112591517075480670342590182679211
323151170485635273350554718045635114202
26634529948942196519575624150687474383
4295208761390213050254426542070950834
32266868114154011349434668460216863893
168495558875774360189613650798190965571
324283925965981195498371174511566192322
270472255862910426986335287383253317020
76091595321060129890652114755186796775
278166532429726934597166102212950046982
95779945753466001895312379372610759006
168185544275816524054071339403743085740
253705311499187119991439126092801997468
91311404994103964977131571431796470777
339510447504450254399510729366069394483
201714153445575190041189460730504821560
234721087330264377501124094627131213886
150042015841295121399553924716026578588
84041411656718109155880537379337196512
272625426152977394335772051725080263863
117197357600528170537221616800209276540
61176475128496076951711753546768013987
150514002412472773515312064592760556094
35424009294584163771205439264547299306
84116701609403866481996612031364499781
202337151474496979436738428838574392403
84264001081264625656768146858524085881
243456470239167787936454185565542087983
61196818192347449786892157299266997157
8032138775586852945138225365433891270
193246860700118425502086050446853390346
38075524595443806568454800533812107460
61909553962394712791936601068562361821
22705381510701631099046205885407894871
192974849910390474809059014106550546081
5232797344659403034216668463865203139
182900209124984235990244459479367357808
196104518854346608747058804218601644487
224131652374617767269180962732049310809
134555915636078904829287191854744867622
264470026797976637074349247211054466350
218997301772161788987485261328016128499
168769852935275536316147127420958115806
164386269102685135545393911127796365098
232929409402711374155505152372525862766
209776602109462230121372014696564236307
335582272897476762946105834921060093024
252421923187414907917388674093455273670
102660799841219332109145073366230305783
30672056346643514789881282324864710882
102227678246944430414692343126731375203
306557059271940478726526379155169635107
310512452634086445308906109765864239703
313326560877074770307008741467720415025
286047941804133440380903780724080423134
315265927932465865993689683257526793024
16485992315051394617784195195493449387
68281983276073433983881844476853382074
92936646353103009227389294794502946609
16069131754630025372631914090408694064
169641848953832917463792532679847078146
95157042691414232330075580446954017845
169965911099899948631394712478774184160
249373920952632422276106536427381723300
100734232571453474083982548628338473711
257185894502251017916340052098019642890
233506290104478677624643722037001512741
239706826561423838628155775051496380317
247865586551355359266948316697684093432
159866479580812641610081327790378389277
82797112622968998981613441938552416444
321309679991475873485961010083901771919
111575114562885464558362973875229758690
180508435953774968998364632323498131858
282617056111859099840944053281964985216
224214200619328125934192568623832901446
298557957813416402842051385615647444252
93248071727603431959765604743085417097
119687383373813465073353949945449878977
113123164131732224914678280592522549833
141835222316670841824938737839288448191
103925955082875961678163843622008473126
334934197839418082020683120369894079839
233215270939904357276949566831568757161
78093839556288320656097075337411227622
160986476350566329540066561525626512489
39168763096453657415239349420939764765
235695798501539764674920778865572570464
290007239827408702696777620454052293719
296470157263603027350690198087025178804
143179061052758808047519901969696041391
195372673666157224076313996695923807160
23759851728252214726276731202174419384
289187027762794502477515370608898703610
274718565840174641964803610316467752569
271123355948890253747281255984623777878
310675487438140709295835438385080571353
1708740976649104560218052153290589167
146991528947160419008352768484176490252
31413230914913922709430210730749426162
228919330062481189743942833027594348989
61707207834321230535395021265281168318
241313489296837119272884315654388879557
145784019108105743380624092003653131718
300374180623153507880731678393174747507
163948202246391660868891960791928463902
99809954631349973912219290386178211619
10318422396576314698592394271319092544
109417249530518673948790762421988056042
86572263424978683097985140085609973191
35518413566676038649891205401228805312
125018024451735450744933759789167665811
13063042526503171481385965733108767562
30781960030467333360483382474183579542
99031660665808258926437589251742527736
56847780608937640205141596150532975895
103584750960406533129438730364893147276
287959128681546537758620360947846726133
92520689273432102396214061680855283372
136583323681602316249449487948083728293
223886501407087717906401922625862955331
207612473002095483742463886072289469773
239082865979667499709355146109534100912
97095541583959183517722559290987301217
303201584115614081631072206968408310765
250435741758477763345744903617265693070
167973697377081026783641682303073813957
101593638474146810674658248415447687066
10935880912217373767209658713430352418
279691395858155199804446989203773295647
275132826419433729822581611010335686215
55846884847586375193964259930936109224
126484796929603187402153453660712749966
242492828312460580314568410589279786945
18557229347399020336291422716284172250
290784266835395130873315374341597576713
150068867805869811641199374887783639936
171907091554970173296543263134851727408
302312096188753571544858065462050930368
199523104136136654208105666584878659849
8856167126152386944581562688266433143
186366690289499178657390177494524110991
77190248186418829440589934011276072879
286371135002181193084991168776913961159
53715379132046260199442323716318440466
151446042513431731633199032143230673908
79159938977559620775800373549809475142
115333405521725995172282583563787268711
44470983980288906935297863209702093852
11624572294847684137029573774408287379
102593086576950634252584139564294442113
14857421505290532619701173305160375726
160810882552543483669291162793432891339
141903931804335817313969158289772429920
37799652722956992910849577619113182403
65752262104060117728563753270982757228
330503243292780939636518094588596646737
319773839799602787469562902931961721397
190774030932457222997895238513508366418
84648708632246701685631767473172277099
223449992939362195386613637347542030159
70222132049794393102224716867888975805
276413280788013814637081906895491293039
317258238727656497424710923515373155012
281268992621507466781363968788411602656
19602063535735584073778875370407926466
93172685688240901560489878593199311448
76693499246369716282423686542285425363
709268480560846729332132278124942906
201656188380934749005345566771693376925
209673912762367239493392681784982256596
116843132366363172146370203147133619240
333599643892657890143866400375126647076
55589277330292918757204746734411529952
250779586440182601290733939258390995247
259168138803244520309281192128952041784
267549271213007521817774620364822570940
122908987571772669741914375014588758395
271422838933987400784591840845872733373
68655158479138523686751160097266444706
241452460453790052368493136340119637575
13127424948305598853280972216476169460
74131761951577697757410907830804929848
215715213953371121078308697651110564425
97900750842717205029137889440560749329
97946237731906966766366686724184470140
221304108298522658181487996979850860715
98949810692991820395052287095410050466
102100271197092051649634961576572381838
157515139124270468122246831901810532582
2267161670916712796450502327922574255
215889670841194846557946906688902629617
267412798899720489420418958149632393028
52458964392775111439686646515340542426
150931506950228845259163259848970892335
134021330514294083414387400656868259920
11809306456303277063563485430702745912
74183536799570025627308402978049421254
128309041618327198212536042413096881399
180989923002791158394199402602001755841
193655278724090936602960737770727471566
254446620846761205050581216394002296167
158267671383966171802430834330435746244
97506890188586504806337166428364946598
63232227249062964278514229431612689016
29805578386002284304775617116903608801
210121720766554253616598909388343183771
40329003641111530666024781554118542681
311389453069579189375591917879269761670
286706125647276025551789042558136384715
339631482217206488432586000363388621720
257350476083898689987954589156976385485
15738648100383207326476498738879882753
290407460716985425921344225671415525295
3911271379100211958256150599169226370
56871077618939778396700055806099833948
34899906089703207588485194666397294184
76991771661439484239362340046504979662
106478562347079153791095733540940949452
196953689321309701524260566738226902851
301630054968298245646327224179297194662
101871978936823797913332919781011287345
281106959710147268789244568505077274842
157291863548508196556000774771339955556
142590510668612123675751739965433935793
228990666917466694096735088089990902109
240386116510035813053168217855450951337
184294968477297400108285174074619474244
338035444893864460631816764323560125585
66551784971153941262106419041945361451
122064230432958753370636490870012761143
268316440850992362869383223222206703995
48112676756719553681594671208734767312
328878841049367234816772185362465565602
152183280098872156048454063657440154186
143101263110472319168391782302090130929
221682048841344584186095897833389580941
113590491945057222292378610166796122823
300233597133381464152819305457144220522
311346993574893679479605724284098314658
186321715294484286557258980427852547500
303816067823710261410354182772441670095
279881994450614467431176651394141733692
340068125779395281347516028673923706061
44316595701957077886271853258135074535
166154031787848831706433867503244584224
230306058213688591426638374395160655750
217132566239473205131259337419071348172
315844387415075430408175094265488144058
77647574938916365349879253502450907912
37686988465859147491525699829705266318
21060700385912782001795180567510808042
246305640344945474231997009750905564259
153430351407173458153718530397423967786
9882308431503849087330334363210136480
248731792833670148143024954639256998899
189017538509674882454845104356728730486
256799073940823605636315760032105610990
203261737946263390772849731740285818848
129383809535144344877410056557749478509
240873973229890803326540099801640467910
337573178512289241384780628161926331527
73864179443969316963577698675863145157
332943818355436917355097351178584837788
244402467140405731152538981199068809885
87261353426102982610896388881799693143
188853080370050102086648969951325467354
253884099583463169134265014891389531339
124825867183600286196624753032221717622
304875433987060744504057129576321821118
178941009398368119720996055832553715613
53637993053281321882456221426296815476
235049959834622108666029708723389189069
172833536497434846875509828937034085030
93601799410347929939545847064939658147
318397783568407856328930300004427532882
331600849175183491913595505239978823083
321519816748583604320979191770484710228
77509168042896873418757534345313391440
18212282019976465301617073043055958628
257278367173161104655329256004618708468
101166225719707452846809321373566811721
12358404100577202553407082159369705163
249442802446398693199750624196563347828
278160707584838475852384488210589814204
312784060520969229843713436692067847502
207521792304628315340481936845380896526
150860931706898853591375391563606101936
67514959080042385358051614083473160463
137149103404841983334683075515335875805
39653351723669628804230229113718622496
309833286867924181341311082929139822423
61021847000133201240459588270200822778
204632022440584492709224687196380544664
326074400144622129621265829648922078946
38180700862297925382450757335982770074
100398735866394710943465671625800792774
206085513938493363246449917262712716917
271024934476606594661364677001697597705
89841279436704573984376369764039609385
113366265545497358880141728243238788519
262646557321801999276663997663496315855
185946739575347198796145634142442942244
286298604283625077742259837777397570059
111729064936918703689062645504757745499
233967560644323263228995250611253644937
122494301370370215287271682646699320262
192605100211972164026760638231961878462
193477741675900286706038517414129520249
72548240060091234998183640264147446255
222840615349642666133599515654284383283
138923119230674937768474597230456196542
199247731589878016714143163869762731879
148797772324734061373426377289634064390
29260278990007972922834029527604344880
203119793299532035727268112967128043500
56012321467118694375926727617596365627
240257593726313164200973701795078531179
194230564480110455576748227394119985618
202211163190261349453545901397558609525
116780331949457302003816898073413362681
210240737776729200046032970785338823432
89926713670855734912811524113409701222
46671025221653812438147164398024115251
136529452350312611763627469459521420797
9918900388161983043532707936322839332
196239993879977527606474104805211771855
64179653543228980989600413797095198381
297749282950155450204879975188986734971
10046433790927886521753302288025483698
55861931678150038805444195077512142329
331779983959771170542223709086339457827
189059178881235570980259631127175696477
329100337067725715946250636346985299913
320690935481517609329846112798730693191
327044794364692149811262364586305291610
163058566209296862223719058578614574073
149523548465438895168347391290098739125
25038414399060064747265123494217512191
300564238931744667622354032267243611403
313579358000625289698663061849696039008
101721391560582397339890797488086252312
328114911354079822905802178605997823285
239910209696416062203715835486438792235
142831097861195081991632725850308882232
217817672492154013979049921533279240689
92470536651627133432265558068060788906
221310674170703450478006306992379983472
259515640003172293442998343311086015337
274048103220930160082620161874756579470
309714883661392551425457390794666959271
64768512421045419628579211830137705933
336590585075727772261389513886685306907
135722290325657942734576824959266504643
13907575500457116730285271920984972999
18056158414959318644466538485598005442
128871380307413695927245904519981621942
92978976910801105644888619707477574634
24070778996210798877449300239130139952
70256611126586490867856260193704047800
156984229320621072309354179337345354220
174301233808505518285080161064310646389
225339837365715950408649865979929339581
296750649583545145987109542355518649304
12055595897850900078390430947366441477
161899020902780940016773619595593394219
246296887700357198270623614551671288843
179453458689290348832808447458891449340
43190918547494658569598452882168283629
257052281315152103842218311901423567442
141611104318665115432176897320611363704
303587911615032746500515744917195566520
7794763568227656626621603640954633916
68018459983279867899200868489677706078
51152553114797541363895958382375093877
320777094661947114398313346867497140891
87799923954591990087968594692143313600
309486549997243637971744091467770209249
198100947973625767095255719970433477326
305594916157517783237763640964781835035
211195775319953403017177261683691243060
75804269182066034374957212986810186465
214449418874359637219563733616696755386
78394254420324748582185107861524670940
48797010512344573960113296221310431792
256467908871089415530076845672537493701
151959245842208887300608549130110442713
224246810058073173210280422472773039159
37142393655280010873870911694979309966
112800615046649601240287120327505152387
151923454516054550681007335527482132346
54670374145568678274218025867591687474
19476962421075001544647696163842483129
23550353210626659444507226127155612096
97666142235145533596834335045867188675
329281428087758167754527758671705099351
260670498625455534504027314152379448743
103234074506841558341815897509863710217
299826184010807972404755869327998266529
182072217132028606514996714225630588185
94835521143845836323094492816905160318
217530057765615431366027061559446567772
130699258640917106599922643297679137420
203260880771347952197760016847643581099
300041173732313040669983632267595241370
312310044673940662605678061587687425693
71938677048517229395367048406455053716
42163835349096143190982062705058417539
33906316119934276796071850143876143613
83440475932272262231516101732166909371
8615377639199153688606623790731637565
113302914868242792330016573078195122152
247769864816447918624434037570652182102
326674598915115719367318490418072301979
248148378497358253014383874562583248148
240034892942298885738103544564058228038
271336823566755862781202689990630010922
226798835825751263411528398710102477577
163905060662533637828730899081023183384
325229202563952797717080090387934320166
200721009621195355661717589665318216146
71300047337316955892071534602295456331
238956234475824810615419304000790192211
22346647704189209445200059759095726091
221274968406346990230038091705440719188
232951100592203843420648801121249508116
14542241808955262601257545088182538044
84036492352650436477681943370568601222
256114838173958010109142246176712130636
151045053682628797580073878640954357238
141751705417274680607997096296105887173
334490523061473443521112363207172665675
319076086595759926119955656980429293669
28220250011541311587985372275117276810
335325393228872484630732218074733398069
337467959075189856720696973984386613789
168576053017389373516949343661953609506
153303630208023846186717491981683407597
53608200076352477867617815290389782812
81564867993040856372078368791042497226
322525752554337316843209379274421291760
220175793518353827212997930159274251097
202011913173121842029605531883149430288
327908257732755489305129899754569107107
30713720030104344543650814368368950463
3760747116065142307718777617310454246
68630784837203036221723960484918593539
211666279198224038059966923780966777112
324750391190319913972866271206959285664
49301774988749411261885964729609226172
49828709144139299202759408729205496149
322585622640642855856510537818706432104
282409977568197548461970746846507311392
306685687470306473048700252805210116429
283268907773925140295615781926873090564
307828689845510897496798806394135488919
84246911609891624679783491545717343084
125864461198537514830155806989669411678
316339093325700981795630346734442882178
247140152576097574507371994416480170252
337753307485322491277523831922297887844
307251627017928902111793781730323420396
113109830331951911698258444212995049007
297360275100607653479855784723352981389
33789992348335118989309641217694547503
33327740390755833163070955873113607734
72378009042200360541208113136496905586
25905272361207632419299848623835779457
291725377867994914820996189929688058624
273481538009211151883894495542361124484
334542668672614575450691189928728760042
103608102596923600308110402922122143148
271534714790223433173024330108707192334
39056755602058907640130010776560352371
99161253368300310394868732157892340543
266448775664985300575024900123130915016
241012040554396293107810197280688981245
128488546010834113182278732705060761285
19585652512824577586396309745339070334
334484356406429673238811206405149460400
210123462618971005493354596447313702448
65519353320113919146639774192833343775
150105463370542630488129859976618798103
213921210671977724878239460903778399491
279984174077608494803916119878013317579
139000748846985813286189929101186289190
288271718195724746047990440143206087382
234148475260731011796640920826341619829
288702680011573538264817663636550384721
42498015001634415382922408917659949275
319936479397892542176443493592200800644
131660775943976313763069842172006104887
165737118848149861669602452148487907377
232164403247015090995664343351601772337
213334526379840932309939699175909100531
68946972840371743618945866182775004442
260900441024346075902588689187005820841
231440069267308426160246400956001845829
25159571375660828845603602646469527469
289675734630000216236725921441185449834
333630975446266574625786923086573225932
330494085103056162138327741970584220323
232285696913151017903987499918495446418
103909725928684755386160755875169498531
222295855807136298710359904033973584546
220569415408282453159908134452392993668
40424719970617030036190781118698720264
270802195257333958730142465605386439026
195878595399599689889140635241478704800
20885038056830351878793193380721863677
99122354812827586075380190042382610068
266482734211600667718797985409288148390
267501470022025391671277968391420067566
274040425339884607764145674886467783029
123225744269831765984602090097419385349
339771542348984004611554288263632826643
193857517176764435443864299657800840519
250718708808780449397554405385799983858
250743218468133818248987428814232763525
139852643852553225206100939748796571767
155184477151409944363557035602132817253
319063892359492210042303713945866819584
26760168488588919675419515959203523369
84769676656302495179266790577281537766
79438888101428751451734201756482571568
262668632819303552742216139055621713220
102900245579958839656274578111454905326
332053097678655045772654555034941620831
318287554691520481342420001897102915908
280880657437789046811121544367258370833
189776043375596999082227732001413015845
108198554265823201706613364023714903928
289388017032473902355697142019803239022
324929882783758629048299115697803242361
89198885429430771828620864975096850893
86050974609062523947151198915474630995
173242728665942141119071091337112746296
84088658282543802504594943157626931128
25900825594148071785180397859862202455
339890073140945634857278932915190035259
238666535556034337939851625525771636136
20503015897009015023133011290177504254
307991845813064005846729562924610447562
8580300524673781203230557997216366770
156356115923975484046669390507281456324
337177453963015340501229525619074245352
310886408543096728158461513267499925840
21170041840565359113027059242870570931
23136835385301447106161021729539696784
298167214973220267835965056621009247536
172767174152576541981907368925410094493
25858811524693790758204781609830378376
22398567079204327355930449816822593656
281584401062512070786225835627060925542
118783862014726920600331897697434930110
100094876819474713298440545442091788654
79289825293409726469084888916148865404
61738812661294867923685078339078675137
120181235354922070445729982990108635692
64123175435819227407274848068253400282
208364611929772469025411702737266150016
184235248376740593926567742574708150094
228701163694659801835908810831011313749
162294405035097866873055849304338057531
163423456939642355399175296333624602509
257390596451082836539820251808005771277
244994477106615550304566980724132336601
46961845125680169927505810444311703914
126797985906446455540516592725604538371
311414306051239952209456931977275816652
54357679191105383309790311199183767856
133701566973123110792101946348938493999
26874734447623640546693571665942383592
127924055680720667503078279266391065547
305353093167816046339959036527524376716
240931547902356422440549780741650869907
215411589271335285287381158289353065441
250871362546162700986522432988673107569
31298303227900196824342481229528534553
277882811590898560289081655363255087844
109845204985143323199684142943499883917
283265522040173868968999299182499831977
53767738405570163972625819939392749805
233377450831290966096349502131026916248
231711042464247935617186734514457601082
263618611785263806154080525456256616877
255819301773579637367240471076144823638
183201494245166814506113000548044390021
167041368705938388731909652209892863548
307861512879346647451583072666447722058
265947468343463436486304771264111914323
286902537944642240114112371355061918471
267187610929409187518668204968541677906
280381819231637259937481326941896145395
142031246365103993473609064938058419552
111936942099488043524060168697829603101
291117564203740396513068282072534234608
125801341941304776118210816954583576360
21205325969489412682906050078617252075
329176842165717076633078897593234232722
81392814677507394193203344081882048583
221931757160757755283414257945485600255
127210220951882437981491706415428374036
333041920914867520836364303894726730665
242807038671301540871932384053606277746
4799999820102430850923115032842522336
90625416085726414645283954190465870226
285230425782273544705794652464102201852
106795599003531237234495091322966229021
16377560779688758010393648390788157376
306710165523634876437589848143956101082
89336976383007969416812733916945330034
112809814371269748396050520855043235456
207935563175999011860438194461880542046
233460573125026148363367867449397869541
78779147995706084964915350994798028929
102328591858698743195872902934321934238
270414148789642496570980163924828833896
95039350213816478212157830965118274106
329036571674008555292306792316084923944
339129424948909828142537582900500194053
322399796633941723467593156748680498288
203328130655710720745861607664502186245
319437170838283369973437502694791841351
158229753296822994430149672447251443088
226306971954576889540011511311069668899
268809536105686460906268112475511478128
297669894996214389465395886666189640009
337936573029464284541321395851615555562
273694387134045075973643024965344307515
95144474343753085893843203151788183437
250411427114582147646212601732415401295
36783742875058049421393759371275224769
153181428972306344532397694596184802034
244553342685544652195324947972766444140
257623300778466062750214025012491132482
203677563782559686035533440903111328765
328284489599641682677335234844408633373
6178090506041936956490907236615522374
137089567470662116396553699758310822007
169229875934105877649244832273890784866
315508416982273101323768655145752538916
115063615062929055684925354392121500364
136340503290453919225590473911134826465
31126100162429451075862194417270831209
68779830680503016941475094471157592171
30707821092747532023600964366641788678
246210132476796117102650659298728792047
313238839322275288991013463677239819842
297901085135749663319682984045433239298
318403666908372606340902250028399562573
201574548633234619770135917264661129862
258360201061762337785330077372031246664
104615305699018795047387460924568370329
266716597130199417131423681023878352205
162651405557349483420391291651790975943
222851162967525979801815883608562352980
27262969773897055972451003857149546773
268842366280229286767702929046894368296
35212625907121175348501386441979460244
300320691165507213304588889336992758977
18445866325427072887810391309263532358
127305785862225405702517094255597966604
151860664630436219603823260977109969136
334345528194376265162717805940944577803
107746059596993066783453608566524403859
64879476527084567476790705487097644270
246649914228498988255283339148960926390
250186505273945600911197019889691717962
78140756029155440451038809398001232554
50109228304648797771383797751820129837
140363819103179390029554817246538020686
63520879203437631667455956791315520532
127353469886529129980128101033499928948
137003793240808546898703165944396458836
78885417318207924970729128412853059668
208150476914485948867524599586014817390
206673577523405818401296627607512950512
128163550343590479210860484880780010565
52051532757230782389983986747033386826
184980464960147523082202154910902963674
9720799574136268562678964227363737257
245463937224143372086068847076627742068
137353412593152675088729729186339615714
265442442205889246153893060076170852021
333007817834390845893898717256193178093
119250029300812169873393317733299847944
155088441521588498003477653037796667755
116552455352903026904956879626394676069
20785792559724935622660380712603732218
143562156318663601868527200836378108422
9358278083787209847425350783296039528
178688877294291468913383675775485120024
41201720144368991162576051417210523843
118443580373101308402628337804982385377
34452903496480318918770408268764350577
293277956670407983153645708161230047499
85563026383053731450988804759228359433
267506233656035578924951651961276880392
301717648833677873137988456034240714189
45149979884694141005970007964709569940
275792619968583308417399167411515532515
221850041153674788580113679487249117009
293324446417207995483720007269840143479
128377540077731446305471196362985012346
132401258500952497869295898209765275127
33667073030486820827896155653229085539
256168228162579778275253794906419446385
300050642944871788735096050856181716806
283254013704259955642714406971821373432
183645809153644316205661785890018477172
179104942640248006512508202914395301021
58914683522715760513601640732932517269
83702708100443034751293348931915684403
217910624069654186186164753587460249599
140630181223906940056768914667750563716
16533801993521262642930109290719053222
330256928119114670197814862594125089846
101965483535440431814618921049818147910
298996868660434207256062196027230543794
183365326682808701389006340651653462689
206810922521721026895637723938825481703
232008326595099402960491695099375281100
220373561805469345065934639509720181924
312424877701208486839092183180344192594
955027605855365347935347146769835148
67986894259457922092372814902109768211
234071744829240437486392386783331852899
252294847393318372913853040342789229907
85217214123440689000866334321544741525
175952927292985968899307481815990300742
80142119237814331138267102601662168387
265550084161164911863171486066411023342
241275455509214198297058034542458828350
183206667201517038938557880149457127080
255289622336692064897449536134901236085
24614237661710301085451764039105442851
329243835312057673642329014865854783562
144110498399010531380457204172892724710
328181150025084088466417527421764693069
307244982371829604908761129305476885148
296455692242692841409006024989542525286
199236284691945650794038742998220319916
286697686457471566702593821391606316412
275085257287313326566490539952519790469
179490321569081615105834541465564937478
231859683004946738446541057652781725711
206347005719062608880293409077615827094
195276193474116732666053900671266521735
94308211082037904426963196549183016910
211628750012276810845455035127665279930
252370862069042246770947919458355836063
78772407654346229338654661196334766183
243654573071767394105314631700355200700
195328481626765083458846292435982047210
325579364112823478586444264622843289740
24049272583089859965856342417738962431
238564339590660457181791890771910073538
318293970542771098504520511503231493541
76403053868467699915353228832153215194
213816765793882471232991974846068972945
107975434155400113865818449549264815998
127938730725553570063013722193269830587
265397745321709119623686769574378264753
232599257116614091121428758174595326900
314124506335542101667448150024225334836
272561086857291992383245816840666570874
28502858344769979003731525156131311431
92271870055409249551421258560733755219
37261168548749933573609840779317741899
128138863228086729387397303711349260330
293848870475081604466333364523837441621
231498063642739172896531773467379345790
248203536534373068029999768874905016789
171714166045386573134578104492034050227
32807129781417229831080431531741880305
152695446919492538843699611737994509578
298341308545179111267067815896177454086
290056317174614751873501044162597309187
340074647233702918229489909231595691543
120206140950852571852263860323065379130
306307238624208082193442675681021702790
111388879798174262474140612658256205341
13471532891361497485907856702891456421
148142549350660443774034835184719561719
135234872049718420499213208335948934157
29618863500910580745232510263093809379
323908141054382665664607439236476827821
333492572644884917184514379721171735361
72740548833044995444974660498190810807
186918245451883418028255617483082236154
238936930453701637871223524515620323405
176272744729846863323747331325072161520
153762279410856683527422367039882564088
124886826329421540359781951274464761447
174533530278162553146344167470289227122
285658461315748838605258267192944345325
154668040585287006352336547681872203303
151722150090630089888553331385254876620
291795177859197473205007116572722290506
331105169843975324370861803219992923238
279869829616392727724708307290053043708
326125573460471567744793511705196644676
157423401229571034665470577337378352688
71896564703907821832657278068382478014
137761534379903302539003550219396150152
104487895907067109132255472479443293284
100250699055646393433872176384220721756
30462514527367932013081861335135252791
98580498819275330959123469014467866482
52314173890925582687416922813079179993
196478266939859525690992896066340864698
130698258635278969985223440503183755142
284953863747870030560260442967385799053
139610489894911893959570877998277265818
267770814751672511624283308107134387848
46966320733360861897381414716818147810
219098511607719659458133715932022746888
80576967819434525917210830266564818105
218275002866756082798611583851840454086
216365238534127599578416882172239546934
185964316449763870205658041262087185111
12233074219219966918239074869899977535
40713329290524298806568640703293461635
139422425049021959304196928596916305029
221175888921460107073489250721698993422
162902314455934573839337741399831422372
149412469253340750264272866011757582733
83551238201070398435644928370828618678
102431092285006744651770365773432937035
160393403862654991002346600401189295301
26583942299757138227934110925978515750
61655501144423163922285450577100099130
33498770810431358101531710948810718322
57611375113751386364725578861339092857
254119083071447234108213457317174269613
169145381891518077018911080173483271775
303333892767963465830813159609573997388
335940624962508403019386764637628343320
147011126373808221345960673215833321830
249742807398707004713453745266020006460
263338927592386989505371660785975682520
200616752956588233878239532478625735067
118763157852999935148501487675182574548
228509791359571341192833685647118392697
32179081579083781497243174526795971671
297064109359677731029433835330660176687
330317180566542599935705662308972335692
117941338342456243206042097493825851503
153559345345902553677687427487579615584
2695432785182885026693422821689556303
8941802113182836725398453598775724463
16023452034031373095671618342808629854
235889472761870018945485361579935380620
139267071378870765282125248253372476116
163215386226664624113750326943514886780
104356091404431125139708974084900358837
311470303711373683341284756120496642184
246059276136223145395096106518028975750
188967263270183501016827501738268183966
308592537008067414972703280340372955049
159343285120649996278009765832048676497
296676024832266696186287925778060909593
249303469498810064043916537337433569204
303187817215932631649423807024751405464
322899125411460147123833128471311886776
3244471117914596207510207229014613415
246581739885702614555645054168073978537
183401600598628867567763744237940265721
67618021468559733304766527267374483299
186270773870890947210132425891008159246
174017234145984516264104960371715763677
129748931478982256671427478935782297036
109340358685761391893147937064684551668
49186397014811229188190855159412531399
105849020842708737046749888255278175041
71129379280960188589818943037732275153
227791635269648966063262930076434277769
242891964064815994928104102562481159966
204694013485010573876002781214859026200
20548583270696688926918168972798955779
282815544976728990788516488015963158066
141669331360993749549008996333192624088
33789243171642246821362277634349894467
71847540577863574832280574226106471942
224432099143329891306543646473992156458
223173140376809603911735511219987531184
265760340957541495316294025267789907027
70841323226849917399781125269888295835
84295805553317502355338446915741022160
34181189234348529055073334394032608331
294783925691814350133093670245698031035
280645065299272997910610834787749326147
322009776231271548442791428411353595529
222380412751490085368309634879234507888
282993243631098819644024887618062764515
34624267490572134695683961709584212379
121857200573454213276815458401830739639
163112256314979580055725605142328345774
133736366805115089562414063746365476086
112421698487137931351405554327491282469
109100694522269661734053667048862499436
335465416890258486944101760596048559314
180858354124894426268818535433984739494
11845168202150437119542048360625959046
319721195957922476769561505593139560093
283981425183081837074615273879062564531
159329732191871669413422304867641559374
1923456385496509821901573217180209768
189180588358914351283075517801394484956
318134195998545783680279558642056326479
228115879775775230337396695681077183776
93500768344177126683908358550105954185
263857066972698691075066257036724165360
151994042093087320550040347694973945401
293069005709305842332916345609066858566
45312913143849409341259486973977384365
149533730040682977631634377036558088659
266047095556039868068470013586131401167
7660395850146302081937166962938750765
37302281950913631622833723719577671797
220136951132045721162343118290183479523
203929097340597157391400577201448005055
124194110824014584305363341558528676193
339090923870368857948638344689340381522
253396834459774671650420865692061078353
275877230919635520444476715050347476427
125909518044396524368146032652882555047
279225477393127368058768004493201902872
113502274375554903837358440648288918818
195710191021706837084904320668551038933
257454024877853060844652368411731796548
298243864848963203209522663832339492067
88103403760985271080868975537435257418
102401765127407302473686084053355416486
168468608213486106304598666163912129694
234743939944172745149762302897061101663
211200198626014436457720115057154130090
221885400524911642714874161895870052858
275477151609567169421884677189219872414
17326113612825545279059479640296618134
259860215614649741952180747438716862471
181940894982322540378874076450629685433
59901464571927828900586262103640650638
339217236266369857019798569560458003417
97946602488454590878315725124560030533
37745410661458659384580208247021575798
107823288335156816626516974412596189006
274457847358094030051953666699321811308
13110664151054262563902974553945418341
268643839804180176118948904718658051475
70398887834214225681299723415126167068
7497020460825508476765330899434032647
38361808367836112136755281091075216942
78829403566138845528161659308237530276
19050797392499397332355254432748856660
144072808536773632812412529730624043607
291721330308661158781360600393008680053
118990072796489260238373704494081469681
119259778549572490791509357053910451673
15911089973363240360590307630632294149
297764012807852956949989766660927078489
102457665911754571674941386064970966835
275053494546961217512192494215659930634
60736586543712829212042333692870574080
5217171866022947057004886529590366987
169712467838061124712274056023164497897
136432294959010129669995657325512889223
120315209509167769552385465392084773637
125302334087857492520697079992072499419
203270543571911718678058012774217369823
119585379816960595269154576565494561045
120418994518104832526005321526528227230
96167671876052615576800474560205270442
175344603121174569216770302291144323018
43906393297945257311424990061545744743
75571554083746766704134906928144206370
122618294964232833804802839151528020736
136644748246771820913838910593411926293
158868637185569208496317972840309383850
80488516158325592793580441728616383072
152047317651616214927762497711832220762
229058638091250456950178035045853011505
111964168734953816380096361730080386314
318795235192861621443094594752037371653
218131082530603993976025029754364440703
338193912933534695665516469494239848473
319903742454331549727076091943754132113
33635890725468197114533331927183441134
98625748788857191605884728455464909790
91411205233225414596176408934489094612
262634876258747984632474865202057163044
262622445552389221869489084401494670820
335626726232295296031817325902564323924
223720799284426224900120958614498113050
186799633816174288870380373216318982251
79554402099007973441419245833464173699
199973249264649772865918023878770549458
195225450514252305175076200949333384833
83014927183201353630889960351581695468
5929350575745354282280546196922529357
61964468432354668364162020687452835780
229559964285217968466024370211785405113
25555571798112078957207190347291981246
310297426306296204265365498825483920660
41627772742544385762874086917689292337
295122157773373335447887457446962128338
178402693628761152103725490623101992054
323158946801848039577266530084890014801
1516249154898436289785622204304240637
109829913033066285100175534429716080266
104845385628964067905991421331146959438
141728341989421681681252102991909868305
230646601552505778193525045000071616697
149388829902068609839130093870957821209
134609397807613717538478704293311877279
289076084879515959220925160589899905405
81471432696372361805917686162620947175
301564147421614420143419466273764949000
4849372797730520284829469990326277422
10871677423401301433708458357341134908
12316636417451959791827480706914927800
192580499143993208811101348239523235065
215353736999859177497455198904985941230
945625169993242110053945283120255527
227015046719830444384339997412102730635
217996607099906263756749834471263083643
334558578436021840373952200727115175968
13511326246488974069856894873159470353
331366764603798507465369655988906513345
178373761337539396893321081271212892735
10480108790595098162263412759975297037
232956196729964344329028256683768477590
22434616192562944868577074093656404911
298187879062880011181918146872598250843
339231128312476327591121760909485113525
245791329238347103373240714675973778500
94173858567191030210942027499662863807
205736888834475532116621879647146664551
121380076311333639910320709907815896116
62242138906584003094966909478797057659
73519516145667068447149710010307748362
296348936625449755485738538676089808287
283639837811238661741459987619488481716
119647844422322290488336907076152984284
246834791669835598468530448063401757173
29056450308080925427973943822281477467
136595015529750528260261816638342632490
262373724992192808324155366251626503228
307533305989486117126263024823560278693
306658667724912513951075866714505410180
94971194692608625058313629864068853061
74864603785441543646004097094988405329
33395023106356287266940518368794550871
81638634660617673785921348072262943714
321277321501389461674084876268261695803
250148663981960379780515453130196729245
309474927460910224239089118633334741213
86700809867693390757510021539199751759
38030593753874997643478220470179819618
205975090254758221347928714171325948756
61033190489574641225829296589058831322
121237297079246594295452435133950154829
258694776525367431708751499005397848514
121935424687121845726161185267735976501
3986106800820692087357967946290333066
71626947152747318366795428965602025848
36057903358564946185837790820234202125
266265623562432995589998670208788417181
254400465324940996845684520622722102550
245569622200506761046216003136471460047
215360016724456391918375066471428632236
312079519444484476641128034289019975486
337222335436945531302750092246748357584
17065259645014854226702291778217496023
18947747278194883481631321830947147721
14682484652650907375954850070023836245
199880415418538320273791620280209363419
205111503295493331426566595664763434512
118855617746873084191829548309429693065
237114033047833106374452247294145716021
215690336663546055058915099350047271951
17276173976390951863560351468262818108
250254523706684426632768368649830780635
224721189816754698902772988293729972369
162443708921268494642983894497516396836
100963846525739834357761715275076372082
234402663326459157811230802957364714905
332087225613792515840902651902167332819
243983173770711628905755017546685974647
168871887920059701682232586666130289153
315653866235567498474097263524405699533
313104089786392999083059264482083202151
68794215321399502799229459635778397934
23246695562231044490556100361192240271
145365109005267108454709810313308192360
11570777140911019187347240622016372442
9201579334268518217468962365939483083
227868535153327752000698616249713294095
139785781459823932771847743313193115833
35854237394434764884553641041496543508
182617212903680492829292200352731612541
72435206200372463802064155148652433254
119666822903448938355850314650971184232
54260657080289674767181798710826485300
113325644193156908269892378466430763709
290244479593210421268528230026271504349
330528789642992524405732664738419462102
164867027012252487058354801112189525174
91702757209662275588019442711598922874
1746515586932772795282834961331025604
82305017886878626502793780076731832593
211729459092515258712962291353497242608
147479553812764342554897024126691954549
111410005556732328937610194659370654937
130689915557418790529745134538689505996
121915113756665269537928142910785913120
59781471892141496730673249239912916095
247313126392732740467236979801567571290
298596118481723905769374053099145209095
243871397157455195671765176073507344516
31801653306973121646756966741122367680
125661555655624822829883984609618515411
148180878602165282170987094034437051726
336652036258447124975271249804926595134
12308190653722305671961960842700104322
224113729373597223233564948597881338641
14361397976077071006148198083938580167
244565443617969123133659776578131515639
35354517877688861350329119840014694745
89105727472445304360883939901563886802
309063214494177544365431936083575739764
228900735665751485212589185544789468818
217037476575982667908711176598467193003
28704830212980653418589598309528306443
172839606332248292281820739300423860822
306722602721462438198927476802468176209
83641776188877096353559150508314322663
99144381201915830207730427881265058279
196479629695871914627423514442533228898
233015784453408632828072913602682439748
260513323877714031789281263774287031304
96280988901583303350473440443308497884
25214283933041004491712832668628974453
189965548974097252054043311527497546983
100165493889386346893773810470928299536
248868774272947311795351538209131174510
76801620825843349709337439182771504556
103158858746681800388578204805228542532
63620463215512300189671568573139607726
182502711465717412936870042507887668606
171842538097267288017248771780436379612
328191099879060120823513132076720925179
11798015509273160708810048993739214908
296111109175558916688788421867608831817
217755269391631395463810624128611385091
277044820419569184791298687139588537607
235097018550445772434624419321675346615
44031082260967374903479730656237799532
201557904899610952135710250368788102392
136135959299420904974882793434848767535
85032879223265014956037890976345477750
334666972592453371410223209685844025483
201219816562993291634879349897823525801
169254263667581243713655480735506728280
20629484577059353289580679949537066923
115136916916302418434604287042390229376
38185346346299768550209619922898737585
51047310730956264847054049238222026321
244109315331576035911939134714870254332
120416545763671146592407117780772543775
297612116532212876941800447761047304226
215565084921692100615417039889888466870
25023921577508384589488554851229062090
150534201616274048466626316762516163328
287461006045645437507194517655973707184
167604277082984965584724314997341431546
76337411125987266079677994286720905188
89475408621634946543955137586862809306
87528336045937185186026876400317265846
171540409051652211079992883016244830674
174546388888236391066321801811900358590
247567603805869627595698526921606893405
196668830780963498948197206303054309041
243211219894863770083213339669082274172
185239494871848831934891360560936196983
340030184312417634134085154709389550223
180377529686247558422524622806362910766
133375376546838642904678578331795542941
54547269557559157712151236886404690994
162995628530405050324164583876515612974
28659115134543548711344024381596084816
30307100468949174807674105279903849652
158153224707023933462634346230941369764
282755293533109374716411820467891927178
160775399256409743763518812925236065113
196295617941596386734987017535720733288
270565167854260497648866403266806988488
328500988451900251333498230704103776219
52924481843078294999009420188239654376
306503821510550482247106874788274619677
258367707839080648183319419055987244065
16541509786386149383280829207735447565
291258633514105270534677892834791078873
116927984368025225344938860821386042527
69035057303668216848704619083793186047
163922128481842166260215347401149136510
190728900633308626349604794607840600300
147059467247924764174087572862135406028
73265115876989581825320347085266673578
315207295159560660613300674558019463989
163127686482790972715669237006451665838
327485499817662708363246068116800458132
54210015403387213241138292254347492977
101657979038433987776426630769208488313
29746332275221425028424362615832705350
328960787083993146235031393483260726449
210434344832326110547672124221404077036
257520039490091934246499182497157183458
37631914301150366754642329930702129426
246354702734920799810734735579772440549
151799757132972592754941177030549265157
240145593269115600938026938716520677443
177143930416831517444443960985481751111
265788136855468215444518411275835191991
251997172611046075381980730891026620301